  0.56020833E+02   0.110265E+01
  0.56041667E+02   0.883852E+00
  0.56062500E+02   0.678069E+00
  0.56083333E+02   0.521373E+00
  0.56104167E+02   0.400507E+00
  0.56125000E+02   0.326035E+00
  0.56145833E+02   0.299847E+00
  0.56166667E+02   0.323500E+00
  0.56187500E+02   0.392156E+00
  0.56208333E+02   0.501962E+00
  0.56229167E+02   0.644929E+00
  0.56250000E+02   0.792362E+00
  0.56270833E+02   0.937344E+00
  0.56291667E+02   0.108427E+01
  0.56312500E+02   0.123954E+01
  0.56333333E+02   0.138705E+01
  0.56354167E+02   0.151774E+01
  0.56375000E+02   0.162282E+01
  0.56395833E+02   0.168577E+01
  0.56416667E+02   0.170323E+01
  0.56437500E+02   0.167845E+01
  0.56458333E+02   0.159594E+01
  0.56479167E+02   0.145224E+01
  0.56500000E+02   0.127078E+01
  0.56520833E+02   0.107216E+01
  0.56541667E+02   0.864799E+00
  0.56562500E+02   0.661741E+00
  0.56583333E+02   0.488993E+00
  0.56604167E+02   0.354534E+00
  0.56625000E+02   0.256775E+00
  0.56645833E+02   0.206989E+00
  0.56666667E+02   0.203557E+00
  0.56687500E+02   0.251783E+00
  0.56708333E+02   0.354804E+00
  0.56729167E+02   0.502207E+00
  0.56750000E+02   0.667061E+00
  0.56770833E+02   0.835561E+00
  0.56791667E+02   0.100381E+01
  0.56812500E+02   0.118277E+01
  0.56833333E+02   0.136157E+01
  0.56854167E+02   0.152063E+01
  0.56875000E+02   0.165431E+01
  0.56895833E+02   0.175753E+01
  0.56916667E+02   0.182324E+01
  0.56937500E+02   0.184230E+01
  0.56958333E+02   0.180134E+01
  0.56979167E+02   0.169481E+01
  0.57000000E+02   0.153133E+01
  0.57020833E+02   0.132575E+01
  0.57041667E+02   0.110108E+01
  0.57062500E+02   0.867230E+00
  0.57083333E+02   0.644772E+00
  0.57104167E+02   0.452057E+00
  0.57125000E+02   0.306592E+00
  0.57145833E+02   0.196845E+00
  0.57166667E+02   0.141619E+00
  0.57187500E+02   0.136661E+00
  0.57208333E+02   0.172677E+00
  0.57229167E+02   0.259903E+00
  0.57250000E+02   0.397618E+00
  0.57270833E+02   0.559391E+00
  0.57291667E+02   0.718773E+00
  0.57312500E+02   0.875781E+00
  0.57333333E+02   0.103697E+01
  0.57354167E+02   0.119681E+01
  0.57375000E+02   0.133408E+01
  0.57395833E+02   0.145076E+01
  0.57416667E+02   0.154659E+01
  0.57437500E+02   0.160746E+01
  0.57458333E+02   0.161419E+01
  0.57479167E+02   0.156561E+01
  0.57500000E+02   0.146979E+01
  0.57520833E+02   0.133030E+01
  0.57541667E+02   0.115481E+01
  0.57562500E+02   0.957198E+00
  0.57583333E+02   0.762946E+00
  0.57604167E+02   0.588989E+00
  0.57625000E+02   0.445798E+00
  0.57645833E+02   0.343381E+00
  0.57666667E+02   0.291762E+00
  0.57687500E+02   0.285941E+00
  0.57708333E+02   0.329227E+00
  0.57729167E+02   0.422397E+00
  0.57750000E+02   0.558586E+00
  0.57770833E+02   0.721235E+00
  0.57791667E+02   0.889935E+00
  0.57812500E+02   0.105819E+01
  0.57833333E+02   0.122619E+01
  0.57854167E+02   0.139130E+01
  0.57875000E+02   0.154776E+01
  0.57895833E+02   0.168790E+01
  0.57916667E+02   0.179657E+01
  0.57937500E+02   0.185908E+01
  0.57958333E+02   0.186965E+01
  0.57979167E+02   0.183255E+01
  0.58000000E+02   0.173614E+01
  0.58020833E+02   0.157072E+01
  0.58041667E+02   0.134955E+01
  0.58062500E+02   0.110261E+01
  0.58083333E+02   0.848803E+00
  0.58104167E+02   0.606289E+00
  0.58125000E+02   0.385195E+00
  0.58145833E+02   0.213655E+00
  0.58166667E+02   0.836654E-01
  0.58187500E+02   0.520830E-02
  0.58208333E+02  -0.263754E-01
  0.58229167E+02  -0.664954E-03
  0.58250000E+02   0.792799E-01
  0.58270833E+02   0.198315E+00
  0.58291667E+02   0.347414E+00
  0.58312500E+02   0.511410E+00
  0.58333333E+02   0.677537E+00
  0.58354167E+02   0.842201E+00
  0.58375000E+02   0.101388E+01
  0.58395833E+02   0.117383E+01
  0.58416667E+02   0.131652E+01
  0.58437500E+02   0.143625E+01
  0.58458333E+02   0.152491E+01
  0.58479167E+02   0.157019E+01
  0.58500000E+02   0.156768E+01
  0.58520833E+02   0.152251E+01
  0.58541667E+02   0.143613E+01
  0.58562500E+02   0.130468E+01
  0.58583333E+02   0.114176E+01
  0.58604167E+02   0.969694E+00
  0.58625000E+02   0.805739E+00
  0.58645833E+02   0.664848E+00
  0.58666667E+02   0.564197E+00
  0.58687500E+02   0.497655E+00
  0.58708333E+02   0.479672E+00
  0.58729167E+02   0.513788E+00
  0.58750000E+02   0.595816E+00
  0.58770833E+02   0.715252E+00
  0.58791667E+02   0.857161E+00
  0.58812500E+02   0.100794E+01
  0.58833333E+02   0.116352E+01
  0.58854167E+02   0.132610E+01
  0.58875000E+02   0.148953E+01
  0.58895833E+02   0.163918E+01
  0.58916667E+02   0.176588E+01
  0.58937500E+02   0.186231E+01
  0.58958333E+02   0.191945E+01
  0.58979167E+02   0.193448E+01
  0.59000000E+02   0.189717E+01
