         323           8
        309   0.443789500000E+05  -0.104000000000E+05   0.393540259443E+00   0.393404148979E+00  -0.103494622328E-01
        314   0.443789500000E+05  -0.102901100000E+05   0.303750716142E+00   0.303455831931E+00  -0.133811667452E-01
        315   0.442105300000E+05  -0.104000000000E+05   0.377824471207E+00   0.377671510480E+00  -0.107499402141E-01
        319   0.443789500000E+05  -0.101802100000E+05   0.217183900629E+00   0.212590017155E+00  -0.444334479709E-01
        320   0.442105300000E+05  -0.102889500000E+05   0.299737973193E+00   0.299305317627E+00  -0.160990500978E-01
        321   0.440421100000E+05  -0.104000000000E+05   0.375504013373E+00   0.375446349091E+00  -0.658050251182E-02
        318   0.445473700000E+05  -0.100737900000E+05   0.210068230240E+00  -0.200224055106E+00   0.635530417275E-01
        322   0.445473700000E+05  -0.996505300000E+04   0.270281989226E+00  -0.269371417670E+00   0.221673869068E-01
        324   0.443789500000E+05  -0.100703200000E+05   0.215220128718E+00  -0.206735598400E+00   0.598339047678E-01
        325   0.442105300000E+05  -0.101778900000E+05   0.220272071399E+00   0.206952191060E+00  -0.754359069271E-01
        326   0.440421100000E+05  -0.102877900000E+05   0.297031996849E+00   0.296783080357E+00  -0.121577286539E-01
        327   0.438736800000E+05  -0.104000000000E+05   0.404840966937E+00   0.404809989765E+00  -0.500806315023E-02
        329   0.445473700000E+05  -0.985631600000E+04   0.324530003787E+00  -0.324068355612E+00   0.173038795910E-01
        328   0.443789500000E+05  -0.996042100000E+04   0.285874769748E+00  -0.285076940735E+00   0.213429576192E-01
        330   0.442105300000E+05  -0.100668400000E+05   0.213488774006E+00  -0.205609598358E+00   0.574643340675E-01
        331   0.440421100000E+05  -0.101755800000E+05   0.227606135613E+00   0.227188978446E+00  -0.137739261342E-01
        332   0.438736800000E+05  -0.102866300000E+05   0.290537052555E+00   0.290204497521E+00  -0.138970689774E-01
        333   0.437052600000E+05  -0.104000000000E+05   0.429754338018E+00   0.429715576277E+00  -0.577187579735E-02
        335   0.443789500000E+05  -0.985052600000E+04   0.346397167472E+00  -0.345924224937E+00   0.180949781547E-01
        334   0.442105300000E+05  -0.995578900000E+04   0.294938941071E+00  -0.294155191712E+00   0.214872555060E-01
        336   0.440421100000E+05  -0.100633700000E+05   0.201744097362E+00  -0.198430677896E+00   0.364135536630E-01
        337   0.438736800000E+05  -0.101732600000E+05   0.237884455094E+00   0.235079482186E+00  -0.364232210344E-01
        338   0.437052600000E+05  -0.102854700000E+05   0.289116529369E+00   0.289108459410E+00  -0.216015092924E-02
        339   0.435368400000E+05  -0.104000000000E+05   0.436423888660E+00   0.436349579643E+00  -0.805325638026E-02
        341   0.442105300000E+05  -0.984473700000E+04   0.361295959934E+00  -0.360786269150E+00   0.191843336439E-01
        340   0.440421100000E+05  -0.995115800000E+04   0.291056482223E+00  -0.290074762335E+00   0.238853114004E-01
        342   0.438736800000E+05  -0.100598900000E+05   0.197652073488E+00   0.182729326597E+00  -0.753414584117E-01
        343   0.437052600000E+05  -0.101709500000E+05   0.237471294585E+00   0.230664821346E+00  -0.564478161231E-01
        344   0.435368400000E+05  -0.102843200000E+05   0.307721368281E+00   0.307549079655E+00  -0.102958292549E-01
        345   0.433684200000E+05  -0.104000000000E+05   0.427542311907E+00   0.427397015898E+00  -0.111453699808E-01
        347   0.440421100000E+05  -0.983894700000E+04   0.365130694332E+00  -0.364719973428E+00   0.173137207444E-01
        346   0.438736800000E+05  -0.994652600000E+04   0.289357879097E+00  -0.289051482612E+00   0.133124977141E-01
        348   0.437052600000E+05  -0.100564200000E+05   0.208576148929E+00   0.192096320360E+00  -0.812589293921E-01
        349   0.435368400000E+05  -0.101686300000E+05   0.231446373510E+00   0.222376971065E+00  -0.641553314315E-01
        350   0.433684200000E+05  -0.102831600000E+05   0.317167025108E+00   0.316848297964E+00  -0.142154104102E-01
        351   0.432000000000E+05  -0.104000000000E+05   0.415392250825E+00   0.415315114714E+00  -0.800484450070E-02
        353   0.438736800000E+05  -0.983315800000E+04   0.368625902872E+00  -0.368066707444E+00   0.202966780374E-01
        352   0.437052600000E+05  -0.994189500000E+04   0.269210976197E+00  -0.269100375893E+00  -0.771604815312E-02
        354   0.435368400000E+05  -0.100529500000E+05   0.218072412302E+00  -0.206180326026E+00   0.710299244460E-01
        355   0.433684200000E+05  -0.101663200000E+05   0.210469598531E+00  -0.190973081193E+00   0.884688316040E-01
        356   0.432000000000E+05  -0.102820000000E+05   0.320340096450E+00   0.319936956365E+00  -0.160661552747E-01
        357   0.430315800000E+05  -0.104000000000E+05   0.417491272155E+00   0.417325434475E+00  -0.117662256361E-01
        359   0.437052600000E+05  -0.982736800000E+04   0.352749594983E+00  -0.352441056497E+00   0.147505408660E-01
        358   0.435368400000E+05  -0.993726300000E+04   0.253378233308E+00  -0.253137368003E+00   0.110454531187E-01
        360   0.433684200000E+05  -0.100494700000E+05   0.222941201722E+00  -0.218543580301E+00   0.440622620203E-01
        361   0.432000000000E+05  -0.101640000000E+05   0.213760552226E+00   0.212139646062E+00  -0.262744030694E-01
        362   0.430315800000E+05  -0.102808400000E+05   0.315563032970E+00   0.315301413361E+00  -0.128470428298E-01
        363   0.428631600000E+05  -0.104000000000E+05   0.436827085322E+00   0.436795470445E+00  -0.525542292037E-02
        365   0.435368400000E+05  -0.982157900000E+04   0.337858568134E+00  -0.337567535556E+00   0.140203780442E-01
        364   0.433684200000E+05  -0.993263200000E+04   0.267364079350E+00  -0.266689967136E+00   0.189739915656E-01
        366   0.432000000000E+05  -0.100460000000E+05   0.222737948987E+00  -0.218082737489E+00   0.453002596923E-01
        367   0.430315800000E+05  -0.101616800000E+05   0.223647532100E+00   0.222546916683E+00  -0.221605164537E-01
        368   0.428631600000E+05  -0.102796800000E+05   0.318468741789E+00   0.318379657015E+00  -0.753216407793E-02
        369   0.426947400000E+05  -0.104000000000E+05   0.460629589736E+00   0.460477788488E+00  -0.118247727088E-01
        371   0.433684200000E+05  -0.981578900000E+04   0.322563419403E+00  -0.322359458523E+00   0.114690469361E-01
        370   0.432000000000E+05  -0.992800000000E+04   0.276819147430E+00  -0.276547985710E+00   0.122495707559E-01
        372   0.430315800000E+05  -0.100425300000E+05   0.216882213843E+00  -0.216252245296E+00   0.165185073718E-01
        373   0.428631600000E+05  -0.101593700000E+05   0.237869936849E+00   0.235840613745E+00  -0.310050280583E-01
        374   0.426947400000E+05  -0.102785300000E+05   0.326765223988E+00   0.326502126656E+00  -0.131100304086E-01
        375   0.425263200000E+05  -0.104000000000E+05   0.465321985279E+00   0.465212164198E+00  -0.101090190775E-01
        377   0.432000000000E+05  -0.981000000000E+04   0.319085725164E+00  -0.318901313538E+00   0.108467611384E-01
        376   0.430315800000E+05  -0.992336800000E+04   0.281515143398E+00  -0.281122028165E+00   0.148721633593E-01
        378   0.428631600000E+05  -0.100390500000E+05   0.205061483689E+00  -0.204970107995E+00   0.612102286631E-02
        379   0.426947400000E+05  -0.101570500000E+05   0.239654812554E+00   0.237677025689E+00  -0.307255698028E-01
        380   0.425263200000E+05  -0.102773700000E+05   0.353552279684E+00   0.353021778458E+00  -0.193607439021E-01
        381   0.423578900000E+05  -0.104000000000E+05   0.462479210175E+00   0.462280310586E+00  -0.135622375993E-01
        383   0.430315800000E+05  -0.980421100000E+04   0.318329634862E+00  -0.318147679932E+00   0.107615140779E-01
        382   0.428631600000E+05  -0.991873700000E+04   0.278863171962E+00  -0.278666577471E+00   0.104693494300E-01
        384   0.426947400000E+05  -0.100355800000E+05   0.204271435390E+00  -0.204101920874E+00   0.832016898495E-02
        385   0.425263200000E+05  -0.101547400000E+05   0.251078591222E+00   0.249308340640E+00  -0.297625646989E-01
        386   0.423578900000E+05  -0.102762100000E+05   0.363562854239E+00   0.362755920944E+00  -0.242093123092E-01
        387   0.421894700000E+05  -0.104000000000E+05   0.433476809356E+00   0.433160886540E+00  -0.165466196497E-01
        389   0.428631600000E+05  -0.979842100000E+04   0.321942220936E+00  -0.321730737881E+00   0.116673014626E-01
        388   0.426947400000E+05  -0.991410500000E+04   0.267968568664E+00  -0.267902634125E+00   0.594410807399E-02
        390   0.425263200000E+05  -0.100321100000E+05   0.205984482859E+00  -0.205856971561E+00   0.724668465622E-02
        391   0.423578900000E+05  -0.101524200000E+05   0.262066787775E+00   0.255300571411E+00  -0.591660332627E-01
        392   0.421894700000E+05  -0.102750500000E+05   0.362059874636E+00   0.360960073470E+00  -0.281989039149E-01
        393   0.420210500000E+05  -0.104000000000E+05   0.397013731935E+00   0.397011852547E+00  -0.122158993236E-02
        395   0.426947400000E+05  -0.979263200000E+04   0.322996583216E+00  -0.322802692624E+00   0.111899242158E-01
        394   0.425263200000E+05  -0.990947400000E+04   0.271344579206E+00  -0.271181912449E+00   0.939420166883E-02
        396   0.423578900000E+05  -0.100286300000E+05   0.210254479154E+00   0.177433285610E+00  -0.112802372146E+00
        397   0.421894700000E+05  -0.101501100000E+05   0.261333362623E+00   0.250790556594E+00  -0.734794062547E-01
        398   0.420210500000E+05  -0.102738900000E+05   0.344101717356E+00   0.342485682121E+00  -0.333098998748E-01
        399   0.418526300000E+05  -0.104000000000E+05   0.400827710616E+00   0.400813169310E+00  -0.341422099538E-02
        401   0.425263200000E+05  -0.978684200000E+04   0.333113861484E+00  -0.332913626868E+00   0.115482361750E-01
        400   0.423578900000E+05  -0.990484200000E+04   0.273409115049E+00  -0.273285674173E+00   0.821489399882E-02
        402   0.421894700000E+05  -0.100251600000E+05   0.234591082311E+00   0.214276399589E+00  -0.954913633741E-01
        403   0.420210500000E+05  -0.101477900000E+05   0.259931030164E+00   0.244058308244E+00  -0.894409448705E-01
        404   0.418526300000E+05  -0.102727400000E+05   0.336319382888E+00   0.336056854743E+00  -0.132859958932E-01
        405   0.416842100000E+05  -0.104000000000E+05   0.396823990273E+00   0.396809705665E+00  -0.336700854480E-02
        407   0.423578900000E+05  -0.978105300000E+04   0.339169500163E+00  -0.338970972772E+00   0.116029935397E-01
        406   0.421894700000E+05  -0.990021100000E+04   0.271246679929E+00  -0.271158553067E+00   0.691378848053E-02
        408   0.420210500000E+05  -0.100216800000E+05   0.247437690691E+00   0.231022811888E+00  -0.886220692696E-01
        409   0.418526300000E+05  -0.101454700000E+05   0.262781915446E+00   0.241438552218E+00  -0.103738905856E+00
        410   0.416842100000E+05  -0.102715800000E+05   0.343715303613E+00   0.343218620452E+00  -0.184712888723E-01
        411   0.415157900000E+05  -0.104000000000E+05   0.381808780049E+00   0.381798705117E+00  -0.277367874625E-02
        413   0.421894700000E+05  -0.977526300000E+04   0.339887612007E+00  -0.339631681149E+00   0.131874923990E-01
        412   0.420210500000E+05  -0.989557900000E+04   0.274370633527E+00  -0.274002552719E+00   0.142072391986E-01
        414   0.418526300000E+05  -0.100182100000E+05   0.249639756138E+00   0.241673655664E+00  -0.625607864612E-01
        415   0.416842100000E+05  -0.101431600000E+05   0.262025052800E+00   0.261026739873E+00  -0.228510254966E-01
        416   0.415157900000E+05  -0.102704200000E+05   0.338050516641E+00   0.337571055699E+00  -0.179981708950E-01
        417   0.413473700000E+05  -0.104000000000E+05   0.378616230038E+00   0.378526586185E+00  -0.823851923117E-02
        419   0.420210500000E+05  -0.976947400000E+04   0.364941591106E+00  -0.364069301086E+00   0.252172346975E-01
        418   0.418526300000E+05  -0.989094700000E+04   0.291742293150E+00  -0.291289266459E+00   0.162520416517E-01
        420   0.416842100000E+05  -0.100147400000E+05   0.242391702684E+00   0.236050097609E+00  -0.550825648355E-01
        421   0.415157900000E+05  -0.101408400000E+05   0.271571579783E+00   0.268901361246E+00  -0.379892203854E-01
        422   0.413473700000E+05  -0.102692600000E+05   0.322601944041E+00   0.321329009980E+00  -0.286300828565E-01
        423   0.411789500000E+05  -0.104000000000E+05   0.400938638676E+00   0.400804606623E+00  -0.103662574454E-01
        425   0.418526300000E+05  -0.976368400000E+04   0.381101346419E+00  -0.380371556212E+00   0.235736180353E-01
        424   0.416842100000E+05  -0.988631600000E+04   0.309943795703E+00  -0.309200405401E+00   0.214538060599E-01
        426   0.415157900000E+05  -0.100112600000E+05   0.231800486881E+00   0.222945528169E+00  -0.634567347684E-01
        427   0.413473700000E+05  -0.101385300000E+05   0.276064341087E+00   0.271331134891E+00  -0.509012343560E-01
        428   0.411789500000E+05  -0.102681100000E+05   0.327432109318E+00   0.325550831467E+00  -0.350491418381E-01
        429   0.410105300000E+05  -0.104000000000E+05   0.385211818217E+00   0.384941270441E+00  -0.144347915033E-01
        431   0.416842100000E+05  -0.975789500000E+04   0.397405967379E+00  -0.396680792801E+00   0.239969067074E-01
        430   0.415157900000E+05  -0.988168400000E+04   0.336003990286E+00  -0.335127981767E+00   0.242470065267E-01
        432   0.413473700000E+05  -0.100077900000E+05   0.244430425175E+00  -0.232539333125E+00   0.753106320600E-01
        433   0.411789500000E+05  -0.101362100000E+05   0.281620791093E+00   0.275216875214E+00  -0.597155053013E-01
        434   0.410105300000E+05  -0.102669500000E+05   0.318986961660E+00   0.315809446975E+00  -0.449118571198E-01
        435   0.408421100000E+05  -0.104000000000E+05   0.353412081732E+00  -0.353292999015E+00   0.917367761953E-02
        437   0.415157900000E+05  -0.975210500000E+04   0.421248585499E+00  -0.421014465530E+00   0.140424570229E-01
        436   0.413473700000E+05  -0.987705300000E+04   0.362201544814E+00  -0.361427161790E+00   0.236720465160E-01
        438   0.411789500000E+05  -0.100043200000E+05   0.254696896218E+00   0.248098072400E+00  -0.576008282407E-01
        439   0.410105300000E+05  -0.101338900000E+05   0.274231914709E+00   0.268326098315E+00  -0.566060774844E-01
        440   0.408421100000E+05  -0.102657900000E+05   0.283337765473E+00   0.280222866677E+00  -0.418979036983E-01
        441   0.406736800000E+05  -0.104000000000E+05   0.392046965324E+00  -0.391792556953E+00   0.141214494897E-01
        443   0.413473700000E+05  -0.974631600000E+04   0.458345485502E+00  -0.457985654502E+00   0.181583135328E-01
        442   0.411789500000E+05  -0.987242100000E+04   0.380528212540E+00  -0.379705248067E+00   0.250128992534E-01
        444   0.410105300000E+05  -0.100008400000E+05   0.261541210459E+00   0.257183473653E+00  -0.475443545374E-01
        445   0.408421100000E+05  -0.101315800000E+05   0.244697900280E+00   0.236021589663E+00  -0.645822856061E-01
        446   0.406736800000E+05  -0.102646300000E+05   0.312381231440E+00  -0.311006376846E+00   0.292757120693E-01
        447   0.405052600000E+05  -0.104000000000E+05   0.387686880174E+00  -0.386843431378E+00   0.255592773475E-01
        449   0.411789500000E+05  -0.974052600000E+04   0.505552682685E+00  -0.504488867045E+00   0.327795362700E-01
        448   0.410105300000E+05  -0.986778900000E+04   0.387264023470E+00  -0.386184164245E+00   0.289000892725E-01
        450   0.408421100000E+05  -0.999736800000E+04   0.261549613882E+00  -0.261227556031E+00   0.129755343627E-01
        451   0.406736800000E+05  -0.101292600000E+05   0.236047569505E+00   0.224912765035E+00  -0.716428865534E-01
        452   0.405052600000E+05  -0.102634700000E+05   0.320279677358E+00  -0.312032089980E+00   0.722152792070E-01
        453   0.403368400000E+05  -0.104000000000E+05   0.306950423662E+00   0.306910331938E+00   0.496092088908E-02
        455   0.410105300000E+05  -0.973473700000E+04   0.531209012632E+00  -0.530052620798E+00   0.350319038355E-01
        454   0.408421100000E+05  -0.986315800000E+04   0.379109895498E+00  -0.378182528859E+00   0.265007118695E-01
        456   0.406736800000E+05  -0.999389500000E+04   0.271060740515E+00  -0.271056316498E+00   0.154865591125E-02
        457   0.405052600000E+05  -0.101269500000E+05   0.268685095509E+00   0.268452699416E+00  -0.111726775893E-01
        458   0.403368400000E+05  -0.102623200000E+05   0.293939673444E+00   0.293938733297E+00   0.743432850374E-03
        459   0.401684200000E+05  -0.104000000000E+05   0.305096261919E+00  -0.305064519005E+00   0.440094092860E-02
        461   0.408421100000E+05  -0.972894700000E+04   0.548982573332E+00  -0.547711993702E+00   0.373287794864E-01
        460   0.406736800000E+05  -0.985852600000E+04   0.383294317215E+00  -0.383219091158E+00   0.759353548690E-02
        463   0.405052600000E+05  -0.999042100000E+04   0.293151063777E+00  -0.279367830818E+00  -0.888322086718E-01
        464   0.403368400000E+05  -0.101246300000E+05   0.294356565517E+00   0.294356177600E+00  -0.477882596358E-03
        465   0.401684200000E+05  -0.102611600000E+05   0.292102588752E+00  -0.292097839013E+00   0.166577296151E-02
        473   0.400000000000E+05  -0.102833300000E+05   0.301199659191E+00  -0.301176618057E+00  -0.372551102836E-02
        468   0.406736800000E+05  -0.972315800000E+04   0.542869498457E+00  -0.542479615461E+00   0.205708328478E-01
        467   0.405052600000E+05  -0.985389500000E+04   0.361738468672E+00  -0.347473182556E+00  -0.100583831314E+00
        471   0.403368400000E+05  -0.998694700000E+04   0.293341092276E+00   0.293341092275E+00  -0.981712025193E-06
        472   0.401684200000E+05  -0.101223200000E+05   0.293008664276E+00  -0.293008537108E+00   0.272988055958E-03
        483   0.400000000000E+05  -0.101666700000E+05   0.276918563859E+00  -0.276708827989E+00  -0.107756912883E-01
        466   0.400000000000E+05  -0.104000000000E+05   0.330442799380E+00  -0.330234867800E+00  -0.117207402079E-01
        484   0.398267900000E+05  -0.102830700000E+05   0.282684337765E+00   0.282501479601E+00   0.101660631974E-01
        476   0.405052600000E+05  -0.971736800000E+04   0.522713824326E+00  -0.522165373454E+00  -0.239387741357E-01
        475   0.403368400000E+05  -0.984926300000E+04   0.292640337357E+00   0.292595900834E+00  -0.509959447026E-02
        482   0.401684200000E+05  -0.998347400000E+04   0.292832216221E+00  -0.292831649782E+00   0.575971124309E-03
        499   0.400000000000E+05  -0.100500000000E+05   0.270807328894E+00  -0.270786287408E+00   0.337578650944E-02
        501   0.398324100000E+05  -0.101661300000E+05   0.249307414104E+00  -0.249296288833E+00  -0.235522859402E-02
        474   0.398211700000E+05  -0.104000000000E+05   0.314987873979E+00   0.314842717014E+00   0.956160537956E-02
        502   0.396422600000E+05  -0.102821600000E+05   0.260923265973E+00   0.260723253036E+00  -0.102145020525E-01
        487   0.403368400000E+05  -0.971157900000E+04   0.303732620114E+00   0.303713568731E+00   0.340186565692E-02
        486   0.401684200000E+05  -0.984463200000E+04   0.291926708755E+00  -0.291926675395E+00  -0.139561309231E-03
        500   0.400000000000E+05  -0.993333300000E+04   0.272401405521E+00  -0.271743702258E+00   0.189178754988E-01
        526   0.398380400000E+05  -0.100492000000E+05   0.245617070186E+00  -0.245534261356E+00   0.637743421694E-02
        528   0.396528100000E+05  -0.101643200000E+05   0.235089037711E+00  -0.234784621062E+00   0.119598229471E-01
        485   0.396317000000E+05  -0.104000000000E+05   0.294071911231E+00   0.294029872446E+00   0.497223135740E-02
        529   0.394458900000E+05  -0.102804300000E+05   0.265055963477E+00  -0.263721291184E+00  -0.265658493383E-01
        505   0.401684200000E+05  -0.970578900000E+04   0.314550837944E+00  -0.314547049732E+00  -0.154374732998E-02
        504   0.400000000000E+05  -0.981666700000E+04   0.297229597926E+00  -0.297019545895E+00   0.111724321452E-01
        527   0.398436600000E+05  -0.993227000000E+04   0.251864306387E+00  -0.251536730275E+00   0.128414233878E-01
        531   0.398492900000E+05  -0.981533700000E+04   0.266775324702E+00  -0.266326494701E+00   0.154684223682E-01
        551   0.396633600000E+05  -0.100464700000E+05   0.230828637295E+00  -0.230579801231E+00   0.107151789457E-01
        553   0.394608000000E+05  -0.101608500000E+05   0.258708940664E+00  -0.255681003387E+00  -0.394656874637E-01
        503   0.394309700000E+05  -0.104000000000E+05   0.283717860153E+00   0.283699457240E+00   0.323142878825E-02
        554   0.392371600000E+05  -0.102776800000E+05   0.304671096627E+00  -0.303961867611E+00  -0.207764327594E-01
        532   0.400000000000E+05  -0.970000000000E+04   0.328054372124E+00  -0.327690028162E+00   0.154569244310E-01
        557   0.398549100000E+05  -0.969840500000E+04   0.289480082914E+00  -0.289336178463E+00   0.912656760414E-02
        552   0.396739100000E+05  -0.992863300000E+04   0.237645218537E+00  -0.237554120125E+00   0.657950647937E-02
        556   0.396844700000E+05  -0.981079100000E+04   0.255356259251E+00  -0.255325856333E+00   0.394033328627E-02
        575   0.394757200000E+05  -0.100412800000E+05   0.242418400522E+00  -0.237655770433E+00  -0.478164792862E-01
        577   0.392560100000E+05  -0.101553600000E+05   0.272672482073E+00  -0.270731693134E+00  -0.324751106684E-01
        530   0.392183000000E+05  -0.104000000000E+05   0.315035808145E+00  -0.315029280084E+00  -0.202807862967E-02
        578   0.390155200000E+05  -0.102737100000E+05   0.320349776381E+00  -0.320050389993E+00  -0.138465552636E-01
        581   0.396950200000E+05  -0.969294900000E+04   0.287752635753E+00   0.287511111872E+00  -0.117872784267E-01
        576   0.394906300000E+05  -0.992170500000E+04   0.260380852456E+00  -0.259894477529E+00   0.159075100418E-01
        580   0.395055500000E+05  -0.980213200000E+04   0.280792885422E+00  -0.279855430716E+00   0.229255840168E-01
        597   0.392748700000E+05  -0.100330300000E+05   0.254367704551E+00  -0.241431877431E+00  -0.800848155304E-01
        599   0.390380600000E+05  -0.101474100000E+05   0.269231904587E+00  -0.268484183330E+00  -0.200514774748E-01
        555   0.389929900000E+05  -0.104000000000E+05   0.346788348032E+00  -0.346776584871E+00  -0.285631165432E-02
        600   0.387804200000E+05  -0.102682900000E+05   0.339889572049E+00  -0.339687726269E+00  -0.117119515666E-01
        603   0.395204700000E+05  -0.968255800000E+04   0.305176795929E+00   0.304744247147E+00  -0.162425553582E-01
        598   0.392937300000E+05  -0.991071200000E+04   0.277567025622E+00  -0.277562561263E+00   0.157426104319E-02
        602   0.393125800000E+05  -0.978839000000E+04   0.289392089818E+00  -0.289226397891E+00   0.979144587532E-02
        618   0.390606000000E+05  -0.100211200000E+05   0.253619670166E+00  -0.232809714442E+00  -0.100611003158E+00
        620   0.388065600000E+05  -0.101365800000E+05   0.298150222229E+00  -0.294839402888E+00  -0.443089327314E-01
        579   0.387542800000E+05  -0.104000000000E+05   0.386610186643E+00  -0.386429254971E+00  -0.118265514415E-01
        621   0.385312500000E+05  -0.102612000000E+05   0.369185012719E+00  -0.368871005706E+00  -0.152234938803E-01
        624   0.393314400000E+05  -0.966606900000E+04   0.296856246974E+00   0.295816574952E+00  -0.248230810152E-01
        619   0.390831400000E+05  -0.989482200000E+04   0.258937449866E+00  -0.255846962761E+00  -0.398865213942E-01
        623   0.391056700000E+05  -0.976852700000E+04   0.262401919929E+00  -0.262401918211E+00  -0.300298096851E-04
        639   0.388327000000E+05  -0.100048600000E+05   0.248627353954E+00  -0.227298374849E+00  -0.100752220450E+00
        641   0.385611200000E+05  -0.101223900000E+05   0.303055075546E+00  -0.302271303138E+00  -0.217816003362E-01
        601   0.385013700000E+05  -0.104000000000E+05   0.405490352208E+00  -0.405386093302E+00  -0.919462294254E-02
        642   0.382674000000E+05  -0.102521900000E+05   0.373275569505E+00  -0.373235898833E+00  -0.544193086677E-02
        645   0.391282100000E+05  -0.964223300000E+04   0.268897113697E+00   0.267354885797E+00  -0.287580040147E-01
        640   0.388588400000E+05  -0.987315300000E+04   0.255754087453E+00  -0.255219556078E+00   0.165266888400E-01
        644   0.388849800000E+05  -0.974144100000E+04   0.272071222733E+00  -0.269759883476E+00   0.353886352739E-01
        670   0.385910000000E+05  -0.998358800000E+04   0.236670809454E+00  -0.230520951656E+00  -0.536018926471E-01
        672   0.383013800000E+05  -0.101043800000E+05   0.285479429385E+00  -0.285345020921E+00  -0.875920299746E-02
        622   0.382334200000E+05  -0.104000000000E+05   0.422292760490E+00  -0.422169543050E+00  -0.102006119084E-01
        673   0.379882500000E+05  -0.102410300000E+05   0.361301732316E+00  -0.361280436116E+00   0.392278653828E-02
        676   0.389111200000E+05  -0.960973000000E+04   0.261333260173E+00  -0.257625100956E+00   0.438677584340E-01
        671   0.386208800000E+05  -0.984478400000E+04   0.255813564971E+00  -0.255620320265E+00   0.994142298152E-02
        675   0.386507600000E+05  -0.970598000000E+04   0.276029988590E+00  -0.271584724723E+00   0.493385437359E-01
        701   0.383353600000E+05  -0.995656900000E+04   0.233864614079E+00  -0.226051880325E+00  -0.599433492538E-01
        703   0.380269600000E+05  -0.100820500000E+05   0.281561309737E+00  -0.280587958513E+00  -0.233916369363E-01
        643   0.379495500000E+05  -0.104000000000E+05   0.425857237653E+00  -0.425780907088E+00  -0.806263112816E-02
        704   0.376931400000E+05  -0.102274600000E+05   0.359113038682E+00  -0.359011870504E+00  -0.852357837250E-02
        707   0.386806300000E+05  -0.956717600000E+04   0.270463118348E+00  -0.265162441266E+00   0.532839387445E-01
        702   0.383693400000E+05  -0.980875900000E+04   0.240793894637E+00  -0.240780312590E+00   0.255749160052E-02
        706   0.384033200000E+05  -0.966094900000E+04   0.253249345467E+00  -0.250688329297E+00   0.359248177955E-01
        733   0.380656700000E+05  -0.992307600000E+04   0.224542152008E+00  -0.215623826032E+00  -0.626541592832E-01
        735   0.377374900000E+05  -0.100549100000E+05   0.275079622792E+00  -0.274596265875E+00  -0.162999890443E-01
        674   0.376487900000E+05  -0.104000000000E+05   0.419860511187E+00  -0.419784946379E+00  -0.796540318669E-02
        736   0.373813800000E+05  -0.102112400000E+05   0.357239263792E+00  -0.357235046668E+00  -0.173580722566E-02
        739   0.384373000000E+05  -0.951313900000E+04   0.259658580484E+00  -0.253202671518E+00   0.575411640025E-01
        734   0.381043700000E+05  -0.976410200000E+04   0.218420616602E+00  -0.218415875617E+00  -0.143910910610E-02
        738   0.381430800000E+05  -0.960512700000E+04   0.245326196702E+00   0.238530739345E+00  -0.573413391542E-01
        765   0.377818400000E+05  -0.988236800000E+04   0.206084469294E+00  -0.194630384792E+00  -0.677482235947E-01
        767   0.374326200000E+05  -0.100224700000E+05   0.259558023993E+00  -0.259287890271E+00  -0.118388250276E-01
        705   0.373301500000E+05  -0.104000000000E+05   0.423859839939E+00  -0.423814267700E+00  -0.621533643424E-02
        769   0.370522800000E+05  -0.101921200000E+05   0.333726345441E+00  -0.333593568208E+00   0.941301715275E-02
        766   0.378262000000E+05  -0.970982500000E+04   0.200215498481E+00   0.196924564562E+00  -0.361519253167E-01
        770   0.378705500000E+05  -0.953728100000E+04   0.235411623870E+00   0.229401172751E+00  -0.528557905361E-01
        799   0.374838600000E+05  -0.983370800000E+04   0.180642371284E+00  -0.160358404971E+00  -0.831675913956E-01
        801   0.371120000000E+05  -0.998424700000E+04   0.231030685795E+00  -0.230980122436E+00  -0.483330305941E-02
        737   0.369925600000E+05  -0.104000000000E+05   0.396886921821E+00  -0.396878676322E+00  -0.255831846773E-02
        803   0.367050800000E+05  -0.101698800000E+05   0.298025486207E+00  -0.297509003572E+00   0.175380507044E-01
        771   0.381817800000E+05  -0.944615300000E+04   0.248226984978E+00   0.238985132999E+00  -0.671024759379E-01
        800   0.375351000000E+05  -0.964494400000E+04   0.194379321221E+00   0.188206851953E+00  -0.485952816240E-01
        804   0.375863400000E+05  -0.945618000000E+04   0.252135371049E+00  -0.239964649711E+00   0.773900007957E-01
        841   0.371717200000E+05  -0.977637000000E+04   0.186895616867E+00  -0.161310044137E+00  -0.943877177637E-01
        802   0.364797000000E+05  -0.102079900000E+05   0.275073065157E+00  -0.274190751129E+00   0.220141584089E-01
        768   0.366348900000E+05  -0.104000000000E+05   0.345440359352E+00  -0.345440336917E+00  -0.124499851813E-03
        798   0.363452100000E+05  -0.104000000000E+05   0.303454194094E+00  -0.303446348275E+00   0.218211632235E-02
        843   0.367752600000E+05  -0.993976900000E+04   0.205059967378E+00  -0.194273318833E+00  -0.656313020659E-01
        805   0.379149000000E+05  -0.936473700000E+04   0.253777395954E+00  -0.238349864164E+00   0.871338565106E-01
        797   0.360555300000E+05  -0.104000000000E+05   0.264533631963E+00  -0.264528712039E+00   0.161336491477E-02
        840   0.362269700000E+05  -0.101493800000E+05   0.237921038522E+00  -0.237539846133E+00   0.134626175078E-01
        839   0.359257900000E+05  -0.101391600000E+05   0.225127051630E+00  -0.224688403141E+00   0.140467387506E-01
        835   0.357658500000E+05  -0.104000000000E+05   0.248112879349E+00  -0.248105504209E+00   0.191302900494E-02
        842   0.372314400000E+05  -0.956849300000E+04   0.212084759882E+00   0.196892389435E+00  -0.788246938262E-01
        886   0.368454400000E+05  -0.970965400000E+04   0.181983532901E+00  -0.153841903641E+00  -0.972145818860E-01
        844   0.364905400000E+05  -0.995069000000E+04   0.202666357552E+00  -0.202661586108E+00   0.139068313690E-02
        846   0.376375800000E+05  -0.926741600000E+04   0.277918471297E+00  -0.259586961722E+00   0.992637194124E-01
        845   0.372911600000E+05  -0.936061700000E+04   0.264823502117E+00   0.246779726920E+00  -0.960794132719E-01
        880   0.347108100000E+05  -0.101416000000E+05   0.174476561860E+00  -0.173472055467E+00   0.186953633460E-01
        879   0.344048900000E+05  -0.101407300000E+05   0.153682486781E+00  -0.152120840341E+00   0.218530702034E-01
        834   0.346071300000E+05  -0.104000000000E+05   0.176859277771E+00  -0.176858172439E+00   0.625280191137E-03
        836   0.348968100000E+05  -0.104000000000E+05   0.199181982317E+00  -0.199175067105E+00   0.165973589101E-02
        881   0.356273800000E+05  -0.101415100000E+05   0.214995365693E+00  -0.214217804704E+00   0.182685362637E-01
        838   0.354761700000E+05  -0.104000000000E+05   0.233763584585E+00  -0.233757919006E+00   0.162750736717E-02
        882   0.350180000000E+05  -0.101407200000E+05   0.186303412094E+00  -0.185920168396E+00   0.119437155645E-01
        837   0.351864900000E+05  -0.104000000000E+05   0.219258300360E+00  -0.219249185040E+00   0.199928396716E-02
        883   0.353229800000E+05  -0.101421900000E+05   0.200262736414E+00  -0.199303815555E+00   0.195742867376E-01
        885   0.361519500000E+05  -0.989009400000E+04   0.183339230571E+00  -0.182589062597E+00  -0.165682734818E-01
        884   0.358336100000E+05  -0.987334400000E+04   0.174411387779E+00  -0.173240793988E+00   0.201732368620E-01
        887   0.369156300000E+05  -0.947953900000E+04   0.221872827679E+00   0.211233412116E+00  -0.678822308715E-01
        888   0.366151900000E+05  -0.968517000000E+04   0.176073685834E+00  -0.153561818375E+00  -0.861435475287E-01
        889   0.363618900000E+05  -0.970412100000E+04   0.163552052170E+00  -0.149059349922E+00  -0.673096127592E-01
        891   0.373508800000E+05  -0.915274000000E+04   0.288413521183E+00   0.265859114063E+00  -0.111809170781E+00
        890   0.369858100000E+05  -0.924942300000E+04   0.262416063872E+00   0.244357231122E+00  -0.956646966060E-01
        933   0.345520600000E+05  -0.987452400000E+04   0.152920337171E+00  -0.148790253476E+00   0.352999998744E-01
        934   0.348726700000E+05  -0.988119500000E+04   0.165847318695E+00  -0.163860156959E+00   0.255965247609E-01
        935   0.355145800000E+05  -0.987397100000E+04   0.165172108736E+00  -0.160470915924E+00   0.391268532675E-01
        936   0.352045600000E+05  -0.987627500000E+04   0.166664065130E+00  -0.166302394937E+00   0.109737889386E-01
        938   0.360847500000E+05  -0.958860700000E+04   0.138396509787E+00  -0.125425058197E+00  -0.584991341617E-01
        937   0.357237600000E+05  -0.961856200000E+04   0.119458727973E+00  -0.105970941585E+00   0.551411573018E-01
        940   0.367091900000E+05  -0.939963000000E+04   0.222568969866E+00   0.212848728365E+00  -0.650566305655E-01
        941   0.364214000000E+05  -0.942407800000E+04   0.184294163229E+00   0.174657557901E+00  -0.588139105021E-01
        942   0.368035400000E+05  -0.913108100000E+04   0.247265351515E+00   0.229035555891E+00  -0.931819091755E-01
        943   0.370560000000E+05  -0.901930800000E+04   0.274796445910E+00   0.248610260647E+00  -0.117072733740E+00
        988   0.347510400000E+05  -0.959939200000E+04   0.138594941145E+00  -0.133118982185E+00   0.385732328551E-01
        986   0.344020500000E+05  -0.959530600000E+04   0.138998427380E+00   0.136060514529E+00   0.284270856824E-01
        989   0.350588000000E+05  -0.963127800000E+04   0.139380014031E+00  -0.138068388524E+00   0.190763833485E-01
        990   0.353789800000E+05  -0.954236600000E+04   0.121056446029E+00  -0.121016996622E+00  -0.309025138327E-02
        939   0.359241000000E+05  -0.938502800000E+04   0.132966967449E+00   0.119161540036E+00  -0.589978118989E-01
        991   0.356356900000E+05  -0.929058000000E+04   0.119766547343E+00   0.104459011123E+00  -0.585861831645E-01
        992   0.362070300000E+05  -0.923696000000E+04   0.193351459126E+00   0.173561895386E+00  -0.852118255659E-01
        993   0.359131500000E+05  -0.908183200000E+04   0.193737333574E+00   0.166943720312E+00  -0.983053847389E-01
        994   0.365288100000E+05  -0.908333700000E+04   0.233703799291E+00   0.212238619216E+00  -0.978377959497E-01
        995   0.367542600000E+05  -0.886578700000E+04   0.245408232388E+00   0.217213660796E+00  -0.114207819731E+00
       1038   0.346376400000E+05  -0.935806800000E+04   0.126250952799E+00   0.108445062308E+00   0.646449653393E-01
       1040   0.350169000000E+05  -0.931282500000E+04   0.117948106315E+00   0.877221891629E-01   0.788452491383E-01
       1041   0.353207500000E+05  -0.912886400000E+04   0.120178024312E+00   0.117533565294E+00   0.250722666865E-01
       1042   0.355960500000E+05  -0.891038300000E+04   0.194195022094E+00   0.168326524042E+00  -0.968394956104E-01
       1043   0.362316600000E+05  -0.890195500000E+04   0.240070922431E+00   0.208030143297E+00  -0.119822816178E+00
       1044   0.359252000000E+05  -0.877599800000E+04   0.241108817723E+00   0.204689676136E+00  -0.127418987859E+00
       1045   0.364471200000E+05  -0.869093300000E+04   0.249342421153E+00   0.213231282577E+00  -0.129244199549E+00
       1088   0.346904500000E+05  -0.908224900000E+04   0.130506734789E+00   0.102821184313E+00   0.803729549147E-01
       1090   0.350043500000E+05  -0.891231600000E+04   0.128578228993E+00   0.122108716877E+00   0.402718541133E-01
       1091   0.352840700000E+05  -0.870398700000E+04   0.190780256269E+00   0.169371611175E+00  -0.878086755955E-01
       1092   0.356653300000E+05  -0.856234100000E+04   0.252635516297E+00   0.211580903667E+00  -0.138051531314E+00
       1093   0.361361400000E+05  -0.849361000000E+04   0.268321966505E+00   0.222867301688E+00  -0.149421697043E+00
       1142   0.346877400000E+05  -0.868684700000E+04   0.129036709667E+00   0.124216316389E+00   0.349396506060E-01
       1144   0.349624900000E+05  -0.847021000000E+04   0.175467305625E+00   0.165298437358E+00  -0.588659659748E-01
       1145   0.353499400000E+05  -0.833745800000E+04   0.242866490191E+00   0.203887178965E+00  -0.131962685298E+00
       1146   0.358229700000E+05  -0.827280700000E+04   0.277192148900E+00   0.221696896280E+00  -0.166391026175E+00
       1205   0.350285800000E+05  -0.808649800000E+04   0.207722484574E+00   0.179347297463E+00  -0.104800655963E+00
       1206   0.355093600000E+05  -0.802764500000E+04   0.265061660536E+00   0.204426660363E+00  -0.168722922032E+00
       1259   0.351971400000E+05  -0.775739400000E+04   0.224772083808E+00   0.166967893753E+00  -0.150479939244E+00
       1457   0.261161200000E+05  -0.248833400000E+04   0.287230657766E+00   0.281012115510E+00  -0.594444421095E-01
       1459   0.266597500000E+05  -0.274429700000E+04   0.254211427411E+00   0.238081938074E+00  -0.891091498608E-01
       1494   0.266309600000E+05  -0.216738800000E+04   0.278781148459E+00   0.274670484852E+00  -0.476975207691E-01
       1497   0.271633600000E+05  -0.245019700000E+04   0.240489742694E+00   0.220770315883E+00  -0.953718195597E-01
       1529   0.270542100000E+05  -0.183325800000E+04   0.260094223732E+00   0.258593044539E+00  -0.279041669753E-01
       1528   0.265137800000E+05  -0.156192500000E+04   0.317568611135E+00   0.316984195922E+00  -0.192572665153E-01
        313   0.445473700000E+05  -0.101825300000E+05   0.211507987511E+00   0.199450216288E+00  -0.703934656333E-01
        323   0.447157900000E+05  -0.986210500000E+04   0.298982873139E+00  -0.298585789657E+00   0.154040463922E-01
