         365           8
       1529   0.270542100000E+05  -0.183325800000E+04   0.260094223732E+00   0.258593044539E+00  -0.279041669753E-01
       1497   0.271633600000E+05  -0.245019700000E+04   0.240489742694E+00   0.220770315883E+00  -0.953718195597E-01
       1531   0.275917600000E+05  -0.214342000000E+04   0.219290313698E+00   0.196733081650E+00  -0.968727839302E-01
       1527   0.259526400000E+05  -0.132637000000E+04   0.364809664872E+00   0.363227216613E+00  -0.339423142417E-01
       1528   0.265137800000E+05  -0.156192500000E+04   0.317568611135E+00   0.316984195922E+00  -0.192572665153E-01
       1558   0.263887000000E+05  -0.962029400000E+03   0.359675981681E+00   0.359311529214E+00   0.161875499131E-01
       1559   0.269297400000E+05  -0.123582100000E+04   0.298662448692E+00   0.297920041266E+00   0.210453622111E-01
       1560   0.274751500000E+05  -0.153262000000E+04   0.228620221817E+00   0.228452445367E+00  -0.875705599487E-02
       1562   0.280263800000E+05  -0.184144800000E+04   0.193473860106E+00   0.169609354998E+00  -0.930849141458E-01
       1561   0.281381400000E+05  -0.241798100000E+04   0.211478303022E+00   0.174490072596E+00  -0.119483418157E+00
       1578   0.242458200000E+05   0.410181500000E+04   0.427409514754E+00  -0.381113648298E+00  -0.193471652659E+00
       1548   0.236271100000E+05   0.408487100000E+04   0.468829654428E+00   0.461561796735E+00  -0.822310930634E-01
       1551   0.239863900000E+05   0.355947600000E+04   0.441349824106E+00  -0.355946857578E+00  -0.260943483956E+00
       1550   0.238246600000E+05   0.302835500000E+04   0.436466127447E+00  -0.303654300199E+00  -0.313523119369E+00
       1549   0.237602100000E+05   0.249696400000E+04   0.419514844496E+00  -0.192540043833E-01  -0.419072771804E+00
       1579   0.243888200000E+05   0.254184200000E+04   0.416586699244E+00   0.670440279602E-01  -0.411156389105E+00
       1574   0.242647300000E+05   0.198705600000E+04   0.439195688906E+00   0.775820605138E-01  -0.432289112794E+00
       1581   0.244604500000E+05   0.308355300000E+04   0.444854593013E+00  -0.347955962616E+00  -0.277168282825E+00
       1580   0.246057900000E+05   0.363465300000E+04   0.506565403510E+00  -0.437703798843E+00  -0.254997828446E+00
       1582   0.247151700000E+05   0.150915800000E+04   0.435147104449E+00   0.154619113736E+00  -0.406750454429E+00
       1552   0.240932500000E+05   0.142299200000E+04   0.433342467447E+00   0.147261717212E+00  -0.407553285763E+00
       1554   0.245886900000E+05   0.934707600000E+03   0.432595247987E+00   0.241437657596E+00  -0.358951955107E+00
       1583   0.252089500000E+05   0.107609700000E+04   0.415958297975E+00   0.211262723763E+00  -0.358314620415E+00
       1587   0.263447500000E+05  -0.388929400000E+03   0.393592106142E+00   0.386115574250E+00   0.763512235550E-01
       1557   0.258354800000E+05  -0.739801900000E+03   0.405453810530E+00   0.405107076907E+00  -0.167645075500E-01
       1588   0.268681400000E+05  -0.654760800000E+03   0.336236669100E+00   0.326869040483E+00   0.788145165621E-01
       1589   0.273988200000E+05  -0.946590500000E+03   0.261084796900E+00   0.253730798453E+00   0.615300990471E-01
       1590   0.279408500000E+05  -0.125881000000E+04   0.182495767124E+00   0.182401549184E+00  -0.586343530514E-02
       1591   0.285730500000E+05  -0.205652500000E+04   0.183241175829E+00   0.147489368643E+00  -0.108739204782E+00
       1592   0.284780200000E+05  -0.147943000000E+04   0.152422453468E+00   0.126994272695E+00  -0.842915121702E-01
       1603   0.248833500000E+05   0.208633800000E+04   0.421557657862E+00   0.115803738261E+00  -0.405339799559E+00
       1606   0.245093000000E+05   0.513415600000E+04   0.300777475842E+00  -0.294874512740E+00  -0.592968102885E-01
       1604   0.243083200000E+05   0.561757000000E+04   0.312329251829E+00  -0.310275884523E+00  -0.357552378201E-01
       1576   0.238521800000E+05   0.511555900000E+04   0.416633215913E+00   0.412599166789E+00  -0.578373941934E-01
       1577   0.239815200000E+05   0.461062800000E+04   0.443915286559E+00   0.436888013348E+00  -0.786742997019E-01
       1605   0.245318800000E+05   0.460345300000E+04   0.384376942385E+00  -0.363490244717E+00  -0.124981902023E+00
       1607   0.248539700000E+05   0.420680900000E+04   0.509226817881E+00  -0.469360854822E+00  -0.197515417143E+00
       1608   0.250018400000E+05   0.265479100000E+04   0.384293472436E+00   0.139477526411E+00  -0.358088665813E+00
       1609   0.252006000000E+05   0.378033800000E+04   0.544092714966E+00  -0.487336281866E+00  -0.241950885215E+00
       1610   0.250684600000E+05   0.320967100000E+04   0.425516164554E+00  -0.352236553181E+00  -0.238732940541E+00
       1611   0.253219500000E+05   0.164916400000E+04   0.402369545730E+00   0.150243266554E+00  -0.373266944941E+00
       1612   0.258042900000E+05   0.124894300000E+04   0.359793815879E+00   0.178417377938E+00  -0.312440120974E+00
       1613   0.257744000000E+05   0.686029600000E+03   0.400002114769E+00   0.365272979641E+00   0.163025587450E+00
       1614   0.262985700000E+05   0.225342900000E+03   0.416542547556E+00   0.379867723960E+00   0.170904084847E+00
       1585   0.258081400000E+05  -0.218312800000E+03   0.428706697603E+00   0.427967044281E+00   0.251722382615E-01
       1615   0.268397500000E+05  -0.627329800000E+02   0.370616360513E+00   0.332800846761E+00   0.163095318986E+00
       1616   0.273614500000E+05  -0.351795500000E+03   0.301034839349E+00   0.265551708079E+00   0.141789508913E+00
       1617   0.278851200000E+05  -0.670223800000E+03   0.206027636676E+00   0.185996237757E+00   0.886159501135E-01
       1618   0.284097600000E+05  -0.894581800000E+03   0.201959188156E+00  -0.199390098406E+00   0.321107822728E-01
       1593   0.291274700000E+05  -0.226635900000E+04   0.177323153571E+00   0.137916740898E+00  -0.111456149999E+00
       1619   0.290215000000E+05  -0.169802500000E+04   0.157784638093E+00   0.118490218514E+00  -0.104192418796E+00
       1620   0.289404200000E+05  -0.111620200000E+04   0.187805401862E+00  -0.187484870515E+00   0.109677844958E-01
       1621   0.295939500000E+05  -0.201449600000E+04   0.154468858691E+00   0.122530836605E+00  -0.940575482677E-01
       1596   0.296398700000E+05  -0.253122400000E+04   0.160292172561E+00   0.135718158514E+00  -0.852886981602E-01
       1623   0.301633200000E+05  -0.246777100000E+04   0.145733390655E+00   0.136688867705E+00   0.505408210983E-01
       1595   0.298415400000E+05  -0.302155300000E+04   0.145084047079E+00   0.121047533231E+00  -0.799804689620E-01
       1628   0.254810700000E+05   0.224268500000E+04   0.373499469634E+00   0.132537314731E+00  -0.349192946694E+00
       1629   0.248886600000E+05   0.574466500000E+04   0.301202972752E+00  -0.285816896927E+00  -0.950364783966E-01
       1630   0.250521400000E+05   0.479086700000E+04   0.408862114439E+00  -0.390808705551E+00  -0.120153170116E+00
       1631   0.251067400000E+05   0.527027300000E+04   0.284479293810E+00  -0.266876072686E+00  -0.985171580733E-01
       1632   0.254250000000E+05   0.439145600000E+04   0.548986418048E+00  -0.518284284807E+00  -0.181017919896E+00
       1633   0.255916000000E+05   0.282742500000E+04   0.333236732342E+00   0.164912753342E+00  -0.289569514223E+00
       1634   0.257622600000E+05   0.398931200000E+04   0.565830413163E+00  -0.523741218724E+00  -0.214147594592E+00
       1635   0.256482300000E+05   0.339609700000E+04   0.406953782077E+00  -0.348271724968E+00  -0.210518850306E+00
       1636   0.259048100000E+05   0.183599900000E+04   0.331916231857E+00   0.127644796119E+00  -0.306390585681E+00
       1637   0.263729100000E+05   0.146258800000E+04   0.378787725717E+00   0.233581349437E+00   0.298194390204E+00
       1638   0.263369900000E+05   0.866468600000E+03   0.405818251799E+00   0.313866840287E+00   0.257247079791E+00
       1639   0.268493100000E+05   0.540648900000E+03   0.394178010758E+00   0.300445435949E+00   0.255164347396E+00
       1640   0.273570300000E+05   0.246780200000E+03   0.345177133323E+00   0.253203987811E+00   0.234595383428E+00
       1641   0.278635300000E+05  -0.775465600000E+02   0.255503656772E+00   0.179729296481E+00   0.181602584262E+00
       1642   0.283746100000E+05  -0.305116400000E+03   0.265638923812E+00  -0.240708853972E+00   0.112353395425E+00
       1643   0.288913300000E+05  -0.527928900000E+03   0.274007034896E+00  -0.270337805582E+00   0.446914538319E-01
       1644   0.294904600000E+05  -0.144372900000E+04   0.128904287459E+00   0.828219578478E-01  -0.987767109365E-01
       1645   0.294201300000E+05  -0.860799100000E+03   0.222971242116E+00  -0.222915518967E+00   0.498459771585E-02
       1646   0.300680300000E+05  -0.183832400000E+04   0.120415920633E+00   0.109034058748E+00   0.511035025677E-01
       1622   0.303621200000E+05  -0.306843000000E+04   0.123777757309E+00   0.119362853527E+00   0.327634308695E-01
       1647   0.307462400000E+05  -0.263253700000E+04   0.129518723257E+00   0.122165186691E+00   0.430205396860E-01
       1648   0.306166600000E+05  -0.207219700000E+04   0.139801690321E+00   0.121323884970E+00   0.694624182733E-01
       1652   0.260531000000E+05   0.244925500000E+04   0.291681463168E+00   0.119859244959E+00  -0.265916974550E+00
       1654   0.255705400000E+05   0.552185600000E+04   0.270020724364E+00  -0.241759768598E+00  -0.120263900958E+00
       1653   0.254228800000E+05   0.596501600000E+04   0.279344005888E+00  -0.249393312092E+00  -0.125841366447E+00
       1655   0.256052800000E+05   0.499513500000E+04   0.386275239568E+00  -0.374254963278E+00  -0.956126726162E-01
       1656   0.259648900000E+05   0.462805300000E+04   0.541653469808E+00  -0.522194381935E+00  -0.143880189154E+00
       1657   0.261529300000E+05   0.305277600000E+04   0.250838117843E+00   0.133027919529E+00  -0.212657786099E+00
       1658   0.262908800000E+05   0.424806800000E+04   0.587869858339E+00  -0.560713008740E+00  -0.176612265073E+00
       1659   0.261970800000E+05   0.363639500000E+04   0.412619614747E+00  -0.372002583231E+00  -0.178518975304E+00
       1660   0.264610900000E+05   0.206641000000E+04   0.338155747025E+00   0.151547852071E+00   0.302295480910E+00
       1661   0.269127100000E+05   0.172178600000E+04   0.400629354075E+00   0.193214420207E+00   0.350958782723E+00
       1662   0.268939800000E+05   0.114744000000E+04   0.407962578716E+00   0.245722491793E+00   0.325659212459E+00
       1663   0.273874400000E+05   0.849662900000E+03   0.388247485869E+00   0.216865648749E+00   0.322033229150E+00
       1664   0.278757600000E+05   0.515233300000E+03   0.320444206937E+00   0.155649497297E+00   0.280103059160E+00
       1665   0.283737400000E+05   0.286133800000E+03   0.304126558101E+00  -0.207232933908E+00   0.222592619928E+00
       1666   0.288768400000E+05   0.632674400000E+02   0.308648791884E+00  -0.292627589404E+00   0.981487170092E-01
       1667   0.293863600000E+05  -0.269875700000E+03   0.310890122046E+00  -0.310863847746E+00  -0.404180038937E-02
       1668   0.299754600000E+05  -0.124971700000E+04   0.128567283215E+00  -0.123660381050E+00   0.351803421224E-01
       1669   0.299095100000E+05  -0.662586700000E+03   0.237412628619E+00  -0.236917752756E+00  -0.153210527398E-01
       1670   0.305219600000E+05  -0.148786700000E+04   0.106403265319E+00   0.711035293514E-01   0.791577095697E-01
       1649   0.313039300000E+05  -0.278027200000E+04   0.115924389783E+00   0.903211229165E-01  -0.726674542120E-01
       1671   0.311711400000E+05  -0.221355200000E+04   0.114863056550E+00   0.101212158076E+00   0.543104116865E-01
       1672   0.310560900000E+05  -0.163238000000E+04   0.130451926445E+00   0.699263268240E-01   0.110127262429E+00
       1673   0.317377600000E+05  -0.242212400000E+04   0.107055352836E+00   0.716419749845E-01  -0.795504619170E-01
       1675   0.265954800000E+05   0.270334300000E+04   0.301747746652E+00   0.817998726056E-01   0.290448762179E+00
       1677   0.260720700000E+05   0.579143900000E+04   0.244102016844E+00  -0.208465340135E+00  -0.126996049505E+00
       1676   0.259101300000E+05   0.624411800000E+04   0.254187258354E+00  -0.213414968660E+00  -0.138076838975E+00
       1678   0.261175900000E+05   0.527046400000E+04   0.314315470896E+00  -0.304618990948E+00  -0.774692558255E-01
       1679   0.264661400000E+05   0.492552300000E+04   0.474091411978E+00  -0.462948467292E+00  -0.102183088344E+00
       1681   0.266837200000E+05   0.332375700000E+04   0.257048399212E+00   0.606502990981E-01   0.249790753945E+00
       1680   0.267761700000E+05   0.454490000000E+04   0.584216265809E+00  -0.566958376316E+00  -0.140949795180E+00
       1682   0.267123600000E+05   0.391961000000E+04   0.461528391235E+00  -0.429416775080E+00  -0.169143989535E+00
       1683   0.269804800000E+05   0.235041000000E+04   0.369355878105E+00   0.132499398898E+00   0.344771915884E+00
       1684   0.273244900000E+05   0.202885000000E+04   0.412418166995E+00   0.156424740286E+00   0.381601945873E+00
       1685   0.274459800000E+05   0.145838700000E+04   0.423275941221E+00   0.175553269779E+00   0.385153958679E+00
       1686   0.279210400000E+05   0.110451100000E+04   0.385314313865E+00   0.125232012132E+00   0.364395476929E+00
       1687   0.284075700000E+05   0.875440700000E+03   0.357533433095E+00  -0.633275576656E-01   0.351880343612E+00
       1688   0.288976000000E+05   0.653898800000E+03   0.300658075485E+00  -0.129055630272E+00   0.271550957740E+00
       1689   0.293872800000E+05   0.323468600000E+03   0.282303034102E+00  -0.281390973749E+00  -0.226742796070E-01
       1690   0.298867800000E+05  -0.607653100000E+02   0.315107694301E+00  -0.302394951303E+00  -0.886010859647E-01
       1691   0.304546100000E+05  -0.901077600000E+03   0.147206491271E+00  -0.146542555657E+00   0.139653304265E-01
       1692   0.303510700000E+05  -0.368032200000E+03   0.246246585467E+00  -0.235525068174E+00  -0.718701823815E-01
       1693   0.309785500000E+05  -0.102353500000E+04   0.120254151037E+00   0.116403245129E-01   0.119689446848E+00
       1694   0.316268000000E+05  -0.183810700000E+04   0.104102719195E+00   0.332980048799E-01   0.986337620438E-01
       1695   0.314813300000E+05  -0.130157700000E+04   0.139506702559E+00   0.220696714150E-01   0.137749953403E+00
       1696   0.321550100000E+05  -0.190023600000E+04   0.813149224716E-01  -0.111208020425E-01   0.805508806811E-01
       1674   0.322693300000E+05  -0.249574800000E+04   0.110588759313E+00   0.265634207148E-01  -0.107351098580E+00
       1697   0.271127900000E+05   0.299463200000E+04   0.350902223606E+00   0.105847007766E+00   0.334557590676E+00
       1699   0.265213600000E+05   0.610134500000E+04   0.213850138419E+00  -0.176371936997E+00  -0.120933128388E+00
       1698   0.263567200000E+05   0.655652300000E+04   0.331753532538E+00   0.263351731491E+00   0.201757953678E+00
       1700   0.266580300000E+05   0.557786800000E+04   0.241371529107E+00  -0.235304397894E+00  -0.537778336801E-01
       1701   0.269794600000E+05   0.517483600000E+04   0.410583946215E+00  -0.405327486730E+00  -0.654889715199E-01
       1702   0.272272700000E+05   0.479274000000E+04   0.544644945756E+00  -0.533845705452E+00  -0.107920710283E+00
       1703   0.271940400000E+05   0.423451900000E+04   0.531907126250E+00  -0.513708787423E+00  -0.137943730121E+00
       1704   0.271811800000E+05   0.363125700000E+04   0.304055400494E+00   0.110292688851E+00   0.283346447579E+00
       1705   0.274867100000E+05   0.261928300000E+04   0.406857468402E+00   0.115796955130E+00   0.390030851058E+00
       1706   0.276851000000E+05   0.202797600000E+04   0.433796645829E+00   0.143367465574E+00   0.409420687981E+00
       1707   0.280105700000E+05   0.167063200000E+04   0.425903975873E+00   0.107810491930E+00   0.412032880355E+00
       1708   0.284774600000E+05   0.145916500000E+04   0.418697572077E+00   0.286804753194E-01   0.417714121378E+00
       1709   0.289533500000E+05   0.124012000000E+04   0.343421703832E+00  -0.376202522448E-01   0.341354922747E+00
       1710   0.294260200000E+05   0.911156700000E+03   0.230335830520E+00  -0.144595329036E+00   0.179295247127E+00
       1711   0.299079300000E+05   0.527686800000E+03   0.282605601180E+00  -0.275493109232E+00  -0.630037505548E-01
       1712   0.304127300000E+05   0.168316400000E+03   0.306214650476E+00  -0.241501809263E+00  -0.188266535234E+00
       1713   0.308991300000E+05  -0.366202400000E+03   0.188151144272E+00  -0.173248070466E+00  -0.733890943584E-01
       1714   0.314863800000E+05  -0.749069600000E+03   0.149586833863E+00   0.931199335948E-03   0.149583935411E+00
       1715   0.320704800000E+05  -0.128474800000E+04   0.127425331580E+00  -0.852882838226E-02   0.127139585553E+00
       1716   0.275907700000E+05   0.331925200000E+04   0.382409244128E+00   0.138712981529E+00   0.356364334284E+00
       1718   0.269386300000E+05   0.644481400000E+04   0.329598127881E+00   0.209620976187E+00   0.254350097788E+00
       1717   0.267702600000E+05   0.688552200000E+04   0.411181467322E+00   0.313970666256E+00   0.265504462862E+00
       1719   0.271002400000E+05   0.598620800000E+04   0.238080652758E+00   0.441117959268E-01   0.233958429380E+00
       1720   0.273467400000E+05   0.559690300000E+04   0.264395068107E+00  -0.263856358669E+00   0.168693221427E-01
       1721   0.275848500000E+05   0.517390600000E+04   0.448862881966E+00  -0.444998163844E+00  -0.587751731806E-01
       1722   0.276494900000E+05   0.458734900000E+04   0.575963867889E+00  -0.566071315995E+00  -0.106290367961E+00
       1723   0.276490300000E+05   0.397270200000E+04   0.339064985833E+00  -0.329486416087E+00  -0.800235354885E-01
       1726   0.279437300000E+05   0.301867900000E+04   0.425885736595E+00   0.137156910118E+00   0.403195538966E+00
       1725   0.278814200000E+05   0.247288900000E+04   0.438737385468E+00   0.121980533788E+00   0.421439488876E+00
       1727   0.281683000000E+05   0.222724900000E+04   0.457245547592E+00   0.114143901647E+00   0.442769308455E+00
       1728   0.285814300000E+05   0.203386000000E+04   0.448527663143E+00   0.964753229494E-01   0.438029196134E+00
       1729   0.290417700000E+05   0.181927600000E+04   0.370089998916E+00   0.481822530520E-01   0.366940155595E+00
       1730   0.294963900000E+05   0.149465000000E+04   0.222197995223E+00  -0.790180708544E-01   0.207673044856E+00
       1731   0.299572100000E+05   0.111731900000E+04   0.261257554855E+00  -0.256689586930E+00  -0.486411958177E-01
       1732   0.304357300000E+05   0.759624500000E+03   0.341750125537E+00  -0.294725256382E+00  -0.173003385965E+00
       1733   0.309340000000E+05   0.295971000000E+03   0.290726298338E+00  -0.160647658272E+00  -0.242309947046E+00
       1734   0.314559800000E+05  -0.139507000000E+03   0.151421823281E+00  -0.971181314440E-01  -0.116175027912E+00
       1735   0.320180200000E+05  -0.650771200000E+03   0.151195652446E+00  -0.834535066267E-04   0.151195629415E+00
       1736   0.280560300000E+05   0.368411500000E+04   0.382718852175E+00   0.186166734308E+00   0.334388496882E+00
       1737   0.273312300000E+05   0.679083100000E+04   0.406948951022E+00   0.271351309155E+00   0.303275313466E+00
       1724   0.271574200000E+05   0.722029800000E+04   0.458021460212E+00   0.340370631034E+00   0.306482448998E+00
       1738   0.275048800000E+05   0.634599000000E+04   0.318646979408E+00   0.123944219478E+00   0.293553620219E+00
       1739   0.277534400000E+05   0.596068700000E+04   0.266585175964E+00  -0.333288213018E-02   0.266564341089E+00
       1740   0.279802100000E+05   0.553990300000E+04   0.323501311758E+00  -0.323155434807E+00   0.149553891255E-01
       1741   0.280604500000E+05   0.496359600000E+04   0.525862965732E+00  -0.520393533259E+00  -0.756467399884E-01
       1742   0.280898700000E+05   0.433298200000E+04   0.470924834411E+00  -0.466657470246E+00  -0.632534989452E-01
       1744   0.277013200000E+05   0.713903900000E+04   0.448619981088E+00   0.297550096198E+00   0.335743693438E+00
       1743   0.275236200000E+05   0.755364000000E+04   0.473924149190E+00   0.345975776400E+00   0.323890199496E+00
       1745   0.283082100000E+05   0.278658000000E+04   0.450417023211E+00   0.136667714084E+00   0.429182281467E+00
       1746   0.284326700000E+05   0.338845700000E+04   0.410385187746E+00   0.144643480564E+00   0.384049822096E+00
       1747   0.287133700000E+05   0.260513300000E+04   0.442295839876E+00   0.132013336542E+00   0.422135154834E+00
       1748   0.291585600000E+05   0.238847800000E+04   0.370360070449E+00   0.107791987718E+00   0.354326783022E+00
       1749   0.295976500000E+05   0.206949500000E+04   0.254911130591E+00   0.240166474925E+00  -0.854385675300E-01
       1750   0.300393500000E+05   0.169979300000E+04   0.275545668310E+00   0.106544696691E+00  -0.254113445004E+00
       1751   0.304995600000E+05   0.135015700000E+04   0.332212828643E+00  -0.232446445212E+00  -0.237347874697E+00
       1752   0.309696600000E+05   0.910160000000E+03   0.349679380846E+00  -0.823216538336E-01  -0.339851165511E+00
       1753   0.314740400000E+05   0.483021400000E+03   0.275575910322E+00  -0.802914335913E-01  -0.263619741373E+00
       1754   0.320000000000E+05   0.000000000000E+00   0.123468107954E+00  -0.102457840580E-01  -0.123042259369E+00
       1755   0.285497800000E+05   0.405576800000E+04   0.369053625334E+00   0.300276699959E+00   0.214556477027E+00
       1756   0.278799700000E+05   0.670838500000E+04   0.371995078976E+00   0.169256619671E+00   0.331259015696E+00
       1757   0.281294900000E+05   0.633316500000E+04   0.293865485416E+00   0.395217272314E-01   0.291195735881E+00
       1758   0.283570300000E+05   0.591906000000E+04   0.224540001777E+00  -0.417603827625E-01   0.220622489402E+00
       1759   0.284471100000E+05   0.534875400000E+04   0.402669730035E+00  -0.401443678410E+00  -0.313987985529E-01
       1760   0.284845100000E+05   0.471393700000E+04   0.523818542846E+00  -0.520851524987E+00  -0.556736450018E-01
       1761   0.278731600000E+05   0.788050800000E+04   0.477124518034E+00   0.345746404269E+00   0.328796638736E+00
       1762   0.280534100000E+05   0.748312300000E+04   0.463303800574E+00   0.317051681736E+00   0.337829310059E+00
       1763   0.282342000000E+05   0.706837600000E+04   0.404591744746E+00   0.228339812012E+00   0.333999117015E+00
       1764   0.288573900000E+05   0.316276200000E+04   0.406549776273E+00   0.149787387595E+00   0.377950339470E+00
       1765   0.290108000000E+05   0.370952800000E+04   0.394666379398E+00   0.385312707826E+00   0.854146838399E-01
       1766   0.293012000000E+05   0.294695900000E+04   0.392057934525E+00   0.384528788159E+00  -0.764659080966E-01
       1767   0.297260300000E+05   0.263314900000E+04   0.379559519946E+00   0.343078727516E+00  -0.162365069851E+00
       1768   0.301508500000E+05   0.227196800000E+04   0.354760086385E+00   0.257882980834E+00  -0.243620785419E+00
       1769   0.305943200000E+05   0.193227200000E+04   0.348000894264E+00   0.119087174999E+00  -0.326990622434E+00
       1770   0.310420500000E+05   0.150894700000E+04   0.402940713761E+00  -0.183548484116E+00  -0.358707642495E+00
       1771   0.315204900000E+05   0.110046800000E+04   0.333750389670E+00  -0.349042056824E-01  -0.331920199793E+00
       1772   0.320180200000E+05   0.650771200000E+03   0.231659913955E+00  -0.144273142251E-01  -0.231210225418E+00
       1774   0.289260400000E+05   0.456502600000E+04   0.422622188305E+00  -0.422597711483E+00   0.454843894052E-02
       1773   0.291363500000E+05   0.419010400000E+04   0.349776681295E+00   0.315752924979E+00   0.150478626870E+00
       1775   0.284831700000E+05   0.670637300000E+04   0.315592575180E+00   0.701171770685E-01   0.307704817948E+00
       1776   0.287122500000E+05   0.630419900000E+04   0.230017125958E+00  -0.261451258553E-01   0.228526389347E+00
       1777   0.288108700000E+05   0.574523300000E+04   0.242287791082E+00  -0.233672236401E+00  -0.640363931121E-01
       1778   0.288590200000E+05   0.512727200000E+04   0.442038453292E+00  -0.440983529088E+00  -0.305208332336E-01
       1783   0.285729200000E+05   0.742210400000E+04   0.421105554842E+00   0.250846107866E+00   0.338239735229E+00
       1784   0.288208000000E+05   0.707524000000E+04   0.325435883651E+00   0.122876095843E+00   0.301346941976E+00
       1785   0.294690700000E+05   0.349882600000E+04   0.409220513337E+00   0.405531779661E+00  -0.548215671150E-01
       1786   0.296391200000E+05   0.406962600000E+04   0.364923988742E+00   0.364482110215E+00   0.179529633341E-01
       1787   0.298793600000E+05   0.318399800000E+04   0.426745492205E+00   0.402686006781E+00  -0.141264627774E+00
       1788   0.302885900000E+05   0.283163000000E+04   0.403587171350E+00   0.344275212716E+00  -0.210611449803E+00
       1789   0.307166000000E+05   0.250252100000E+04   0.361982268478E+00   0.195327941675E+00  -0.304759180162E+00
       1790   0.311436300000E+05   0.209524100000E+04   0.424159200120E+00  -0.101542415897E+00  -0.411825405749E+00
       1791   0.315995700000E+05   0.170620100000E+04   0.407351615577E+00  -0.110597329637E+00  -0.392050467912E+00
       1792   0.320704800000E+05   0.128474800000E+04   0.253867547045E+00  -0.328623180587E-01  -0.251731602097E+00
       1793   0.294489300000E+05   0.460699000000E+04   0.373462098463E+00  -0.368701678230E+00   0.594391407949E-01
       1794   0.292658100000E+05   0.497632100000E+04   0.414772880360E+00  -0.414155990080E+00  -0.226132298288E-01
       1795   0.290504400000E+05   0.668653800000E+04   0.223427918616E+00  -0.226627640718E-01   0.222275581074E+00
       1796   0.291578800000E+05   0.614028400000E+04   0.204863617727E+00  -0.829029373364E-01  -0.187339811170E+00
       1797   0.292099700000E+05   0.553836000000E+04   0.286437250071E+00  -0.276813775964E+00  -0.736235809012E-01
       1808   0.300521600000E+05   0.371903900000E+04   0.390128906136E+00   0.378769762677E+00  -0.934560339685E-01
       1807   0.299151700000E+05   0.460732900000E+04   0.318617622963E+00  -0.307063720809E+00   0.850238850281E-01
       1809   0.302423100000E+05   0.423253000000E+04   0.329307371548E+00   0.323751957714E+00  -0.602330045071E-01
       1810   0.304511900000E+05   0.337525100000E+04   0.395226916145E+00   0.348508544512E+00  -0.186403083793E+00
       1811   0.308648400000E+05   0.305983300000E+04   0.356478560518E+00   0.270036570838E+00  -0.232717026707E+00
       1812   0.312720500000E+05   0.266702900000E+04   0.408160492272E+00  -0.345412259698E-01  -0.406696313187E+00
       1813   0.317075500000E+05   0.229677600000E+04   0.426133051496E+00  -0.738461553651E-01  -0.419685743044E+00
       1814   0.321550100000E+05   0.190023600000E+04   0.337461006235E+00  -0.547117965974E-01  -0.332996321364E+00
       1816   0.297130900000E+05   0.508348100000E+04   0.330448385994E+00  -0.330448378115E+00   0.721607496036E-04
       1817   0.295643700000E+05   0.541317100000E+04   0.278020525582E+00  -0.269438347435E+00  -0.685447997749E-01
       1818   0.294920700000E+05   0.652911500000E+04   0.198779255631E+00  -0.596480184036E-01  -0.189618844975E+00
       1804   0.293751000000E+05   0.706232000000E+04   0.201211953863E+00  -0.114110836038E-01   0.200888121970E+00
       1819   0.295665500000E+05   0.594835000000E+04   0.198578081357E+00  -0.109425508815E+00  -0.165708516425E+00
       1828   0.301505000000E+05   0.511636500000E+04   0.249479839674E+00  -0.249219831514E+00  -0.113870972686E-01
       1829   0.304677500000E+05   0.473875700000E+04   0.254557705927E+00   0.246334594071E+00  -0.641786055545E-01
       1830   0.306375800000E+05   0.389764300000E+04   0.351631768960E+00   0.317681640881E+00  -0.150742416026E+00
       1831   0.307650500000E+05   0.438048100000E+04   0.292886603107E+00   0.266255843968E+00  -0.122026176833E+00
       1832   0.310395700000E+05   0.360535800000E+04   0.325263768480E+00   0.258833110335E+00  -0.196982080607E+00
       1833   0.314260400000E+05   0.322219500000E+04   0.356800719880E+00   0.215437817339E-01  -0.356149714553E+00
       1834   0.318427400000E+05   0.286957600000E+04   0.375048614309E+00  -0.377333232072E-01  -0.373145627624E+00
       1835   0.322693300000E+05   0.249574800000E+04   0.325560900008E+00  -0.679195610084E-01  -0.318397287750E+00
       1839   0.299847600000E+05   0.567833900000E+04   0.187487377237E+00  -0.144149323452E+00  -0.119885316747E+00
       1826   0.298098300000E+05   0.690450800000E+04   0.203442412874E+00   0.863171417493E-01  -0.184223142944E+00
       1840   0.299435300000E+05   0.629916000000E+04   0.178104384677E+00  -0.533800860255E-01  -0.169916856895E+00
       1841   0.304319500000E+05   0.552708500000E+04   0.142082759255E+00  -0.122773428896E+00  -0.715136045425E-01
       1849   0.307188800000E+05   0.520706400000E+04   0.201959964260E+00   0.138236060930E+00  -0.147236607617E+00
       1850   0.310231400000E+05   0.479671900000E+04   0.242942631579E+00   0.181037404643E+00  -0.162007963874E+00
       1851   0.312216400000E+05   0.418460700000E+04   0.277683526928E+00   0.231800378694E+00  -0.152894491609E+00
       1852   0.315985000000E+05   0.376232300000E+04   0.321781268240E+00   0.212691817840E+00   0.241465060027E+00
       1853   0.320029100000E+05   0.342346600000E+04   0.341516965500E+00   0.180516244684E+00   0.289909853453E+00
       1854   0.324112400000E+05   0.306998000000E+04   0.277802871394E+00   0.772802280230E-01   0.266837406882E+00
       1859   0.305185700000E+05   0.604716200000E+04   0.164872862234E+00  -0.774795193430E-01  -0.145533449020E+00
       1860   0.309605100000E+05   0.568970100000E+04   0.157422221587E+00   0.428339831704E-01  -0.151482691207E+00
       1867   0.312525200000E+05   0.527213200000E+04   0.183095192137E+00   0.137508865554E+00  -0.120893181270E+00
       1868   0.314924200000E+05   0.471779800000E+04   0.227878090504E+00   0.144784591558E+00   0.175971151554E+00
       1869   0.317964500000E+05   0.427447500000E+04   0.353605618764E+00   0.171162174542E+00   0.309419526901E+00
       1870   0.321872600000E+05   0.395555800000E+04   0.427682539506E+00   0.185766438994E+00   0.385231339252E+00
       1871   0.325785700000E+05   0.362179400000E+04   0.403394580977E+00   0.127331385801E+00   0.382771349701E+00
       1885   0.323934200000E+05   0.446697900000E+04   0.465585086577E+00   0.203727424598E+00   0.418646162420E+00
       1884   0.320230900000E+05   0.476957400000E+04   0.369832420332E+00   0.169880901100E+00   0.328506466558E+00
       1886   0.327692200000E+05   0.415020000000E+04   0.476463258982E+00   0.172729942678E+00   0.444051352956E+00
       1901   0.329811100000E+05   0.465435100000E+04   0.506565565564E+00   0.207475626524E+00   0.462128268572E+00
       2494   0.502736800000E+05   0.100531600000E+05   0.164018955888E+00  -0.163939690994E+00  -0.509858877532E-02
       2499   0.502736800000E+05   0.101687700000E+05   0.164903094856E+00  -0.164890504121E+00  -0.203773010599E-02
       2495   0.501052600000E+05   0.101649100000E+05   0.164726977980E+00  -0.164711433887E+00  -0.226292315492E-02
       2498   0.504421100000E+05   0.100589500000E+05   0.166647965017E+00  -0.166567973737E+00  -0.516278698888E-02
       2503   0.504421100000E+05   0.101726300000E+05   0.165397466069E+00  -0.165388122981E+00  -0.175799853668E-02
       2504   0.502736800000E+05   0.102843900000E+05   0.167557770589E+00  -0.167545909687E+00  -0.199364789306E-02
       2500   0.501052600000E+05   0.102824600000E+05   0.168640444742E+00  -0.168625447594E+00  -0.224900561834E-02
       2505   0.501052600000E+05   0.104000000000E+05   0.173516324367E+00  -0.173515917628E+00  -0.375701464307E-03
       2501   0.499368400000E+05   0.104000000000E+05   0.175163131564E+00  -0.175162672996E+00  -0.400809414094E-03
       2502   0.506105300000E+05   0.100647400000E+05   0.169992372154E+00  -0.169911664508E+00  -0.523763828765E-02
       2507   0.506105300000E+05   0.101764900000E+05   0.166528848230E+00  -0.166522189901E+00  -0.148914854249E-02
       2508   0.504421100000E+05   0.102863200000E+05   0.166154685288E+00  -0.166146061475E+00  -0.169283769276E-02
       2509   0.502736800000E+05   0.104000000000E+05   0.171073099085E+00  -0.171072770041E+00  -0.335530856978E-03
       2506   0.507789500000E+05   0.100705300000E+05   0.173578857550E+00  -0.173494684422E+00  -0.540502228617E-02
       2511   0.507789500000E+05   0.101803500000E+05   0.168520460944E+00  -0.168514267200E+00  -0.144482065428E-02
       2512   0.506105300000E+05   0.102882500000E+05   0.164397913476E+00  -0.164393302144E+00  -0.123132665053E-02
       2513   0.504421100000E+05   0.104000000000E+05   0.167678909834E+00  -0.167678621906E+00  -0.310738977453E-03
       2510   0.509473700000E+05   0.100763200000E+05   0.176066426997E+00  -0.175981581360E+00  -0.546532135182E-02
       2515   0.509473700000E+05   0.101842100000E+05   0.171408541721E+00  -0.171390812955E+00  -0.246524027395E-02
       2516   0.507789500000E+05   0.102901800000E+05   0.162017190217E+00  -0.162015851437E+00  -0.658641633902E-03
       2517   0.506105300000E+05   0.104000000000E+05   0.163067482572E+00  -0.163067202155E+00  -0.302412876530E-03
       2514   0.511157900000E+05   0.100821100000E+05   0.173887280815E+00  -0.173795537895E+00  -0.564778159072E-02
       2519   0.511157900000E+05   0.101880700000E+05   0.172264608995E+00  -0.172190751434E+00  -0.504387081358E-02
       2520   0.509473700000E+05   0.102921100000E+05   0.160332519481E+00  -0.160331869113E+00  -0.456672518108E-03
       2521   0.507789500000E+05   0.104000000000E+05   0.156778084509E+00  -0.156777923647E+00  -0.224587384590E-03
       2518   0.512842100000E+05   0.100878900000E+05   0.166062849687E+00  -0.165950533277E+00  -0.610659898919E-02
       2523   0.512842100000E+05   0.101919300000E+05   0.171040962789E+00  -0.170881593063E+00  -0.738187673396E-02
       2524   0.511157900000E+05   0.102940400000E+05   0.160318022700E+00  -0.160301853591E+00  -0.227687012559E-02
       2525   0.509473700000E+05   0.104000000000E+05   0.148407134244E+00  -0.148407073081E+00  -0.134737399258E-03
       2522   0.514526300000E+05   0.100936800000E+05   0.154956568536E+00  -0.154873115369E+00  -0.508490594264E-02
       2527   0.514526300000E+05   0.101957900000E+05   0.168307359492E+00  -0.168211657147E+00  -0.567500298349E-02
       2528   0.512842100000E+05   0.102959600000E+05   0.164029508295E+00  -0.163973910915E+00  -0.427037826853E-02
       2529   0.511157900000E+05   0.104000000000E+05   0.141652270889E+00  -0.141651492709E+00  -0.469533301191E-03
       2526   0.516210500000E+05   0.100994700000E+05   0.147475771531E+00  -0.147426585735E+00  -0.380854398260E-02
       2531   0.516210500000E+05   0.101996500000E+05   0.164118545763E+00  -0.164061711132E+00  -0.431879657763E-02
       2532   0.514526300000E+05   0.102978900000E+05   0.167780237104E+00  -0.167743993110E+00  -0.348722495492E-02
       2533   0.512842100000E+05   0.104000000000E+05   0.143868679972E+00  -0.143860749727E+00  -0.151055123998E-02
       2530   0.517894700000E+05   0.101052600000E+05   0.146491276761E+00  -0.146424277152E+00  -0.443003695905E-02
       2535   0.517894700000E+05   0.102035100000E+05   0.162638230420E+00  -0.162601782233E+00  -0.344302322047E-02
       2536   0.516210500000E+05   0.102998200000E+05   0.166797478042E+00  -0.166762383821E+00  -0.342140664313E-02
       2537   0.514526300000E+05   0.104000000000E+05   0.150412831317E+00  -0.150412342301E+00  -0.383546863441E-03
       2534   0.519578900000E+05   0.101110500000E+05   0.145508359144E+00  -0.145439117195E+00  -0.448840397145E-02
       2539   0.519578900000E+05   0.102073700000E+05   0.161987973904E+00  -0.161967906514E+00  -0.254969591970E-02
       2540   0.517894700000E+05   0.103017500000E+05   0.166099715396E+00  -0.166068830873E+00  -0.320294661020E-02
       2541   0.516210500000E+05   0.104000000000E+05   0.153189234115E+00  -0.153188741473E+00  -0.388503315641E-03
       2538   0.521263200000E+05   0.101168400000E+05   0.144847480580E+00  -0.144780386445E+00  -0.440821180512E-02
       2543   0.521263200000E+05   0.102112300000E+05   0.160915279775E+00  -0.160888868093E+00  -0.291537108356E-02
       2544   0.519578900000E+05   0.103036800000E+05   0.165626137626E+00  -0.165608446616E+00  -0.242071774612E-02
       2545   0.517894700000E+05   0.104000000000E+05   0.154901095845E+00  -0.154900804608E+00  -0.300375731214E-03
       2542   0.522947400000E+05   0.101226300000E+05   0.144144813178E+00  -0.144084678095E+00  -0.416325645091E-02
       2547   0.522947400000E+05   0.102150900000E+05   0.159508671751E+00  -0.159475147661E+00  -0.327011346605E-02
       2548   0.521263200000E+05   0.103056100000E+05   0.164296667990E+00  -0.164280431901E+00  -0.230972007731E-02
       2549   0.519578900000E+05   0.104000000000E+05   0.154745006552E+00  -0.154744785003E+00  -0.261853709153E-03
       2546   0.524631600000E+05   0.101284200000E+05   0.142767755138E+00  -0.142704254609E+00  -0.425765473099E-02
       2551   0.524631600000E+05   0.102189500000E+05   0.157648106190E+00  -0.157612651838E+00  -0.334325677114E-02
       2552   0.522947400000E+05   0.103075400000E+05   0.163407644963E+00  -0.163387050234E+00  -0.259427218787E-02
       2553   0.521263200000E+05   0.104000000000E+05   0.153558382721E+00  -0.153557274448E+00  -0.583410683095E-03
       2550   0.526315800000E+05   0.101342100000E+05   0.141175179495E+00  -0.141114791604E+00  -0.412878867239E-02
       2555   0.526315800000E+05   0.102228100000E+05   0.156129278892E+00  -0.156094904100E+00  -0.327607101128E-02
       2556   0.524631600000E+05   0.103094700000E+05   0.162394604280E+00  -0.162376082636E+00  -0.245260821644E-02
       2557   0.522947400000E+05   0.104000000000E+05   0.153583833694E+00  -0.153582273414E+00  -0.692289723463E-03
       2554   0.528000000000E+05   0.101400000000E+05   0.139403242187E+00  -0.139342207066E+00  -0.412471358387E-02
       2559   0.528000000000E+05   0.102266700000E+05   0.154466335290E+00  -0.154432066459E+00  -0.325354993846E-02
       2560   0.526315800000E+05   0.103114000000E+05   0.161188066452E+00  -0.161171330105E+00  -0.232273949025E-02
       2561   0.524631600000E+05   0.104000000000E+05   0.153847779689E+00  -0.153846339636E+00  -0.665654355234E-03
       2558   0.529684200000E+05   0.101457900000E+05   0.137885712904E+00  -0.137829748324E+00  -0.392814205789E-02
       2563   0.529684200000E+05   0.102305300000E+05   0.152711661610E+00  -0.152676849476E+00  -0.326055605323E-02
       2564   0.528000000000E+05   0.103133300000E+05   0.159881940604E+00  -0.159866932150E+00  -0.219064744774E-02
       2565   0.526315800000E+05   0.104000000000E+05   0.153674699498E+00  -0.153673337183E+00  -0.647074057243E-03
       2562   0.531368400000E+05   0.101515800000E+05   0.135642452122E+00  -0.135585141881E+00  -0.394260303980E-02
       2567   0.531368400000E+05   0.102343900000E+05   0.150757895071E+00  -0.150722847750E+00  -0.325055262147E-02
       2568   0.529684200000E+05   0.103152600000E+05   0.158369834736E+00  -0.158354604856E+00  -0.219628662262E-02
       2569   0.528000000000E+05   0.104000000000E+05   0.153124910908E+00  -0.153123595412E+00  -0.634719183810E-03
       2566   0.533052600000E+05   0.101573700000E+05   0.133313719062E+00  -0.133256207542E+00  -0.391546188036E-02
       2571   0.533052600000E+05   0.102382500000E+05   0.148504914206E+00  -0.148470448648E+00  -0.319928454156E-02
       2572   0.531368400000E+05   0.103171900000E+05   0.156851154803E+00  -0.156835056958E+00  -0.224714753488E-02
       2573   0.529684200000E+05   0.104000000000E+05   0.152374469293E+00  -0.152373176901E+00  -0.627577364125E-03
       2570   0.534736800000E+05   0.101631600000E+05   0.130950246745E+00  -0.130895266661E+00  -0.379424409702E-02
       2575   0.534736800000E+05   0.102421100000E+05   0.146026493676E+00  -0.145993612440E+00  -0.309870649181E-02
       2576   0.533052600000E+05   0.103191200000E+05   0.155202805082E+00  -0.155186966487E+00  -0.221723653271E-02
       2577   0.531368400000E+05   0.104000000000E+05   0.151601466436E+00  -0.151600094092E+00  -0.645055803970E-03
       2574   0.536421100000E+05   0.101689500000E+05   0.128599403830E+00  -0.128545179246E+00  -0.373410737520E-02
       2579   0.536421100000E+05   0.102459600000E+05   0.143338743681E+00  -0.143307977668E+00  -0.296967622530E-02
       2580   0.534736800000E+05   0.103210500000E+05   0.153276951133E+00  -0.153261537531E+00  -0.217367478854E-02
       2581   0.533052600000E+05   0.104000000000E+05   0.150833326553E+00  -0.150832024432E+00  -0.626741439511E-03
       2578   0.538105300000E+05   0.101747400000E+05   0.126269959340E+00  -0.126216829710E+00  -0.366258513383E-02
       2583   0.538105300000E+05   0.102498200000E+05   0.140478608850E+00  -0.140450348868E+00  -0.281763150392E-02
       2584   0.536421100000E+05   0.103229800000E+05   0.150977737528E+00  -0.150963316295E+00  -0.208671087368E-02
       2585   0.534736800000E+05   0.104000000000E+05   0.149966500539E+00  -0.149965268950E+00  -0.607776941573E-03
       2582   0.539789500000E+05   0.101805300000E+05   0.123937189392E+00  -0.123884607718E+00  -0.360983170885E-02
       2587   0.539789500000E+05   0.102536800000E+05   0.137432252123E+00  -0.137406435007E+00  -0.266374588407E-02
       2588   0.538105300000E+05   0.103249100000E+05   0.148307884047E+00  -0.148294565398E+00  -0.198754723714E-02
       2589   0.536421100000E+05   0.104000000000E+05   0.148789415731E+00  -0.148788319016E+00  -0.571277486820E-03
       2586   0.541473700000E+05   0.101863200000E+05   0.121484438134E+00  -0.121430949666E+00  -0.360460424623E-02
       2591   0.541473700000E+05   0.102575400000E+05   0.134206469184E+00  -0.134182668805E+00  -0.252740248547E-02
       2592   0.539789500000E+05   0.103268400000E+05   0.145226792673E+00  -0.145214539895E+00  -0.188645517191E-02
       2593   0.538105300000E+05   0.104000000000E+05   0.147057259969E+00  -0.147056317276E+00  -0.526553911688E-03
       2590   0.543157900000E+05   0.101921100000E+05   0.119027888290E+00  -0.118978593809E+00  -0.342525998104E-02
       2595   0.543157900000E+05   0.102614000000E+05   0.130663692148E+00  -0.130642270743E+00  -0.236591231035E-02
       2596   0.541473700000E+05   0.103287700000E+05   0.141718867895E+00  -0.141708165192E+00  -0.174167596415E-02
       2597   0.539789500000E+05   0.104000000000E+05   0.144621566304E+00  -0.144620706945E+00  -0.498560881747E-03
       2601   0.541473700000E+05   0.104000000000E+05   0.141429492300E+00  -0.141428724090E+00  -0.466148594965E-03
