         363           8
       1779   0.282094500000E+05   0.819717800000E+04   0.467137999124E+00   0.338176591933E+00   0.322264647292E+00
       1761   0.278731600000E+05   0.788050800000E+04   0.477124518034E+00   0.345746404269E+00   0.328796638736E+00
       1782   0.283911600000E+05   0.781890800000E+04   0.465139931118E+00   0.323720084400E+00   0.334006680286E+00
       1762   0.280534100000E+05   0.748312300000E+04   0.463303800574E+00   0.317051681736E+00   0.337829310059E+00
       1783   0.285729200000E+05   0.742210400000E+04   0.421105554842E+00   0.250846107866E+00   0.338239735229E+00
       1763   0.282342000000E+05   0.706837600000E+04   0.404591744746E+00   0.228339812012E+00   0.333999117015E+00
       1784   0.288208000000E+05   0.707524000000E+04   0.325435883651E+00   0.122876095843E+00   0.301346941976E+00
       1799   0.287181400000E+05   0.814255500000E+04   0.455749773440E+00   0.323221585028E+00   0.321303070266E+00
       1780   0.285352100000E+05   0.850072200000E+04   0.448093974221E+00   0.327005351230E+00   0.306358792922E+00
       1800   0.290279900000E+05   0.845330600000E+04   0.430019863604E+00   0.319368258812E+00   0.287960063824E+00
       1781   0.288526800000E+05   0.878869800000E+04   0.422449796796E+00   0.313139768296E+00   0.283561838626E+00
       1798   0.291636300000E+05   0.905892800000E+04   0.390900855216E+00   0.296112963452E+00   0.255187365448E+00
       1801   0.293447800000E+05   0.875097800000E+04   0.401423958502E+00   0.305582868853E+00   0.260308095769E+00
       1802   0.288993200000E+05   0.776527500000E+04   0.423591393523E+00   0.278961587062E+00   0.318763394402E+00
       1803   0.291462300000E+05   0.743589500000E+04   0.324500764026E+00   0.150041769172E+00   0.287729409962E+00
       1804   0.293751000000E+05   0.706232000000E+04   0.201211953863E+00  -0.114110836038E-01   0.200888121970E+00
       1795   0.290504400000E+05   0.668653800000E+04   0.223427918616E+00  -0.226627640718E-01   0.222275581074E+00
       1820   0.296605700000E+05   0.901906200000E+04   0.367701020638E+00   0.291403871808E+00   0.224249468392E+00
       1805   0.294695000000E+05   0.930937000000E+04   0.359122840775E+00   0.280823988405E+00   0.223846157668E+00
       1821   0.292170100000E+05   0.808999200000E+04   0.410808266952E+00   0.282247367538E+00   0.298495989443E+00
       1822   0.294593700000E+05   0.840444400000E+04   0.389574447014E+00   0.290269049971E+00   0.259830961195E+00
       1823   0.297687100000E+05   0.864007800000E+04   0.370651143113E+00   0.282045036884E+00   0.240484650362E+00
       1824   0.294661700000E+05   0.778672400000E+04   0.314780436197E+00   0.163706831815E+00   0.268862039398E+00
       1825   0.296897400000E+05   0.742732300000E+04   0.194703879334E+00   0.116712010979E+00  -0.155845779926E+00
       1826   0.298098300000E+05   0.690450800000E+04   0.203442412874E+00   0.863171417493E-01  -0.184223142944E+00
       1818   0.294920700000E+05   0.652911500000E+04   0.198779255631E+00  -0.596480184036E-01  -0.189618844975E+00
       1827   0.299758200000E+05   0.930432200000E+04   0.328853118770E+00   0.279131106125E+00   0.173868339033E+00
       1806   0.297713200000E+05   0.953802600000E+04   0.312716267661E+00   0.253360737662E+00   0.183302484083E+00
       1815   0.300697700000E+05   0.974290900000E+04   0.268262135107E+00   0.225988769882E+00   0.144546355954E+00
       1838   0.303224400000E+05   0.952551100000E+04   0.270341728607E+00   0.245880734758E+00   0.112371324196E+00
       1836   0.303650000000E+05   0.992207000000E+04   0.221950339307E+00   0.193633812463E+00   0.108479951094E+00
       1842   0.300721300000E+05   0.892271500000E+04   0.345543411686E+00   0.295681421887E+00   0.178809245036E+00
       1843   0.297789300000E+05   0.815484400000E+04   0.330020137882E+00   0.213713376237E+00   0.251475414752E+00
       1844   0.300796200000E+05   0.848603400000E+04   0.313034381730E+00   0.259900418860E+00   0.174477208888E+00
       1845   0.299987100000E+05   0.778569900000E+04   0.206142299704E+00   0.133929419441E+00  -0.156708513922E+00
       1846   0.301148000000E+05   0.727673400000E+04   0.223360510669E+00   0.884926255521E-01  -0.205082844113E+00
       1847   0.302736200000E+05   0.667858400000E+04   0.210495726779E+00  -0.185846960823E+00  -0.988400634611E-01
       1840   0.299435300000E+05   0.629916000000E+04   0.178104384677E+00  -0.533800860255E-01  -0.169916856895E+00
       1848   0.303754400000E+05   0.916506100000E+04   0.298281908031E+00   0.279603550481E+00   0.103893942159E+00
       1856   0.306243500000E+05   0.971418900000E+04   0.209901983105E+00   0.200399395324E+00   0.624413714239E-01
       1837   0.306566100000E+05   0.100737100000E+05   0.176309350577E+00   0.159483324593E+00   0.751668562456E-01
       1857   0.308753900000E+05   0.989458700000E+04   0.156482436390E+00   0.153384032590E+00   0.309853424219E-01
       1855   0.309435000000E+05   0.101963900000E+05   0.140860129933E+00  -0.131504435542E+00  -0.504792990990E-01
       1858   0.306857500000E+05   0.938914400000E+04   0.233692959650E+00   0.231063853932E+00   0.349556118014E-01
       1859   0.305185700000E+05   0.604716200000E+04   0.164872862234E+00  -0.774795193430E-01  -0.145533449020E+00
       1860   0.309605100000E+05   0.568970100000E+04   0.157422221587E+00   0.428339831704E-01  -0.151482691207E+00
       1841   0.304319500000E+05   0.552708500000E+04   0.142082759255E+00  -0.122773428896E+00  -0.715136045425E-01
       1861   0.303826900000E+05   0.870618600000E+04   0.280468137237E+00   0.267161307813E+00   0.853651662744E-01
       1862   0.303100000000E+05   0.816227000000E+04   0.202875628242E+00   0.145258792410E+00  -0.141627694192E+00
       1863   0.304141700000E+05   0.764156300000E+04   0.230589392206E+00   0.792458386845E-01  -0.216544602447E+00
       1864   0.305700500000E+05   0.707593400000E+04   0.255789702285E+00  -0.182203253477E+00  -0.179528120965E+00
       1865   0.307806300000E+05   0.649578600000E+04   0.252885527531E+00  -0.148330256541E+00  -0.204815099611E+00
       1866   0.306821000000E+05   0.897041600000E+04   0.245006356410E+00   0.244955947249E+00   0.496976745262E-02
       1849   0.307188800000E+05   0.520706400000E+04   0.201959964260E+00   0.138236060930E+00  -0.147236607617E+00
       1867   0.312525200000E+05   0.527213200000E+04   0.183095192137E+00   0.137508865554E+00  -0.120893181270E+00
       1850   0.310231400000E+05   0.479671900000E+04   0.242942631579E+00   0.181037404643E+00  -0.162007963874E+00
       1868   0.314924200000E+05   0.471779800000E+04   0.227878090504E+00   0.144784591558E+00   0.175971151554E+00
       1873   0.311572000000E+05   0.997368400000E+04   0.119442424617E+00  -0.110537856275E+00  -0.452534543264E-01
       1872   0.312238500000E+05   0.102893800000E+05   0.144660068066E+00  -0.139050059399E+00  -0.398950657837E-01
       1874   0.310079900000E+05   0.961075700000E+04   0.162540365046E+00   0.161873695428E+00  -0.147063590988E-01
       1875   0.309899400000E+05   0.920585800000E+04   0.197461366131E+00   0.189874301908E+00  -0.542101520862E-01
       1877   0.312070100000E+05   0.616891600000E+04   0.195246482726E+00  -0.412596745930E-01  -0.190837177377E+00
       1876   0.314992800000E+05   0.572895200000E+04   0.141676132914E+00   0.226396836502E-01   0.139855537473E+00
       1878   0.306628800000E+05   0.847402000000E+04   0.194551283342E+00   0.189396319469E+00  -0.444886055250E-01
       1879   0.307116200000E+05   0.797979300000E+04   0.223711211829E+00   0.637949515784E-01  -0.214422271350E+00
       1880   0.308692000000E+05   0.743521600000E+04   0.294859437531E+00  -0.135203433226E+00  -0.262034577003E+00
       1881   0.310933800000E+05   0.681310500000E+04   0.321971211428E+00  -0.163243411276E+00  -0.277519458171E+00
       1882   0.309719000000E+05   0.875946400000E+04   0.204830358640E+00   0.172154799802E+00  -0.110987389941E+00
       1883   0.317294400000E+05   0.520263900000E+04   0.232158055464E+00   0.106662307353E+00   0.206205031236E+00
       1884   0.320230900000E+05   0.476957400000E+04   0.369832420332E+00   0.169880901100E+00   0.328506466558E+00
       1869   0.317964500000E+05   0.427447500000E+04   0.353605618764E+00   0.171162174542E+00   0.309419526901E+00
       1888   0.314501100000E+05   0.100749900000E+05   0.119097507855E+00  -0.114635787921E+00  -0.322932269221E-01
       1887   0.314952100000E+05   0.103530000000E+05   0.147028325733E+00  -0.144527955663E+00  -0.269999740692E-01
       1889   0.313539700000E+05   0.975269000000E+04   0.101460257373E+00   0.915987716731E-01  -0.436331164837E-01
       1890   0.313027400000E+05   0.940006000000E+04   0.144561909190E+00   0.119341279845E+00  -0.815831141453E-01
       1892   0.312852900000E+05   0.900296900000E+04   0.185847469771E+00   0.120853481625E+00  -0.141186819496E+00
       1891   0.319744300000E+05   0.565927800000E+04   0.239811973249E+00   0.864913184687E-01   0.223671711093E+00
       1893   0.317629800000E+05   0.615530400000E+04   0.172808651335E+00   0.603257165077E-01   0.161937141830E+00
       1894   0.315523100000E+05   0.660399700000E+04   0.216089040141E+00  -0.594674120649E-01  -0.207745277133E+00
       1895   0.310164900000E+05   0.829413600000E+04   0.221938218145E+00   0.602761845083E-01  -0.213596241200E+00
       1896   0.311660600000E+05   0.778444100000E+04   0.318038672001E+00  -0.804741207635E-01  -0.307688987088E+00
       1897   0.313785000000E+05   0.719297100000E+04   0.357435612404E+00  -0.151049044628E+00  -0.323951235731E+00
       1898   0.313253400000E+05   0.858001000000E+04   0.231775845642E+00   0.650984530949E-01  -0.222446024977E+00
       1899   0.322620500000E+05   0.523779500000E+04   0.373529578222E+00   0.164372814428E+00   0.335419027015E+00
       1900   0.326233900000E+05   0.495993600000E+04   0.476702033741E+00   0.214728021618E+00   0.425601580948E+00
       1885   0.323934200000E+05   0.446697900000E+04   0.465585086577E+00   0.203727424598E+00   0.418646162420E+00
       1901   0.329811100000E+05   0.465435100000E+04   0.506565565564E+00   0.207475626524E+00   0.462128268572E+00
       1903   0.317548100000E+05   0.103888800000E+05   0.151567824012E+00  -0.151004949208E+00  -0.130503099722E-01
       1902   0.317591000000E+05   0.101550000000E+05   0.120787030885E+00  -0.119300925972E+00  -0.188890415876E-01
       1904   0.316670900000E+05   0.984972800000E+04   0.937253704579E-01  -0.915699364405E-01  -0.199847894098E-01
       1905   0.316281100000E+05   0.954102800000E+04   0.924302996525E-01   0.522125121003E-01  -0.762706619483E-01
       1906   0.316090200000E+05   0.918585200000E+04   0.138775544209E+00   0.539004474724E-01  -0.127880387209E+00
       1908   0.322445200000E+05   0.609576800000E+04   0.248440546008E+00   0.925066159497E-01   0.230575868005E+00
       1907   0.324391500000E+05   0.567196900000E+04   0.343018656978E+00   0.165102531718E+00   0.300670838385E+00
       1909   0.316505600000E+05   0.881060500000E+04   0.192338938516E+00   0.204218289861E-01  -0.191251708934E+00
       1910   0.320500700000E+05   0.656197300000E+04   0.206290665685E+00   0.921111009588E-01   0.184584354237E+00
       1911   0.318453800000E+05   0.699690200000E+04   0.216139357223E+00  -0.648128327759E-01  -0.206192915611E+00
       1912   0.314698300000E+05   0.810603900000E+04   0.316376634992E+00  -0.490954108706E-01  -0.312544102168E+00
       1913   0.316752000000E+05   0.754807900000E+04   0.331188768168E+00  -0.123459356944E+00  -0.307317079485E+00
       1914   0.317874100000E+05   0.838312600000E+04   0.252878112310E+00  -0.548679018617E-01  -0.246853910301E+00
       1915   0.328600800000E+05   0.547461700000E+04   0.456140102445E+00   0.220597919962E+00   0.399249734836E+00
       1916   0.332121700000E+05   0.513353500000E+04   0.509470671105E+00   0.232748971394E+00   0.453197838731E+00
       1919   0.320000000000E+05   0.104000000000E+05   0.159748903841E+00  -0.159715685601E+00  -0.325761435962E-02
       1918   0.320842200000E+05   0.101552400000E+05   0.122521811161E+00  -0.122203267394E+00  -0.882924959242E-02
       1917   0.319415000000E+05   0.992466900000E+04   0.935347788006E-01  -0.929315967989E-01  -0.106053364721E-01
       1920   0.319908300000E+05   0.962224800000E+04   0.717235776239E-01  -0.715807511450E-01  -0.452411899561E-02
       1921   0.319182900000E+05   0.932595600000E+04   0.764469730991E-01   0.523027760267E-03  -0.764451838769E-01
       1922   0.319904400000E+05   0.901192500000E+04   0.115852405329E+00  -0.335181287706E-01  -0.110897767625E+00
       1923   0.327282200000E+05   0.602840900000E+04   0.349552102041E+00   0.184989926496E+00   0.296589614006E+00
       1924   0.325267700000E+05   0.649695500000E+04   0.251903094146E+00   0.102217090989E+00   0.230232133183E+00
       1925   0.320914600000E+05   0.864195900000E+04   0.171135074805E+00  -0.801615206896E-01  -0.151199683959E+00
       1926   0.323412800000E+05   0.694520600000E+04   0.222444822183E+00   0.107998098978E+00   0.194468788070E+00
       1927   0.321432000000E+05   0.735743600000E+04   0.183853312497E+00   0.858365155349E-01   0.162585771570E+00
       1928   0.319831400000E+05   0.787628700000E+04   0.271230968001E+00  -0.109758151240E+00  -0.248031018703E+00
       1929   0.322999700000E+05   0.819448800000E+04   0.199654350103E+00  -0.123020615502E+00  -0.157250715981E+00
       1931   0.334603900000E+05   0.558717500000E+04   0.495955021466E+00   0.248765799601E+00   0.429053563399E+00
       1930   0.331783000000E+05   0.594120400000E+04   0.435217866767E+00   0.228782785073E+00   0.370233748878E+00
       1932   0.322295100000E+05   0.988738600000E+04   0.828624170450E-01  -0.826928504284E-01  -0.529836263076E-02
       1934   0.322896800000E+05   0.104000000000E+05   0.170476385723E+00  -0.170476366459E+00  -0.810422988537E-04
       1933   0.323856800000E+05   0.101438300000E+05   0.120758763911E+00  -0.120599193073E+00  -0.620594000712E-02
       1935   0.323341800000E+05   0.963705300000E+04   0.862057648828E-01   0.861975956267E-01  -0.118676333221E-02
       1936   0.322881600000E+05   0.932438800000E+04   0.839975022225E-01   0.769366077573E-01   0.337096242405E-01
       1937   0.323771200000E+05   0.898114000000E+04   0.110764219453E+00  -0.997536951195E-01  -0.481447050159E-01
       1938   0.329985500000E+05   0.643510000000E+04   0.333342632827E+00   0.174740593021E+00   0.283871513207E+00
       1939   0.328155200000E+05   0.688161700000E+04   0.247604504539E+00   0.103992279179E+00   0.224707802577E+00
       1940   0.324987900000E+05   0.864110000000E+04   0.156579453355E+00  -0.138541213072E+00  -0.729620277493E-01
       1941   0.326430400000E+05   0.730888800000E+04   0.217812341905E+00   0.951777603645E-01   0.195916845161E+00
       1942   0.324453800000E+05   0.768903000000E+04   0.176177035656E+00   0.511366719646E-01   0.168592374302E+00
       1943   0.326930000000E+05   0.799455500000E+04   0.166222793983E+00   0.434332367340E-02   0.166166039789E+00
       1944   0.326844300000E+05   0.835970500000E+04   0.158924549001E+00  -0.144668029030E+00  -0.657888565919E-01
       1945   0.334552700000E+05   0.635805600000E+04   0.407698598404E+00   0.225491206831E+00   0.339664338403E+00
       1946   0.337237200000E+05   0.601482500000E+04   0.469212139993E+00   0.255558840615E+00   0.393509480572E+00
       1947   0.325552100000E+05   0.988160600000E+04   0.711372817741E-01  -0.710567950837E-01  -0.338300615564E-02
       1949   0.325793600000E+05   0.104000000000E+05   0.179987501307E+00  -0.179985659466E+00  -0.814256262755E-03
       1948   0.326913300000E+05   0.101415500000E+05   0.125720777262E+00  -0.124650145726E+00  -0.163723854633E-01
       1950   0.326382800000E+05   0.959346800000E+04   0.121459501693E+00   0.120464574497E+00  -0.155144075830E-01
       1951   0.326755300000E+05   0.929741000000E+04   0.118096529995E+00   0.117429342947E+00   0.125355419446E-01
       1952   0.327626800000E+05   0.898218800000E+04   0.143024395479E+00  -0.142906488064E+00  -0.580632167049E-02
       1953   0.332861600000E+05   0.681893900000E+04   0.312315460366E+00   0.167623253734E+00   0.263521140691E+00
       1954   0.331086600000E+05   0.724651900000E+04   0.233308590801E+00   0.855324384583E-01   0.217064738069E+00
       1955   0.329118600000E+05   0.864756000000E+04   0.176057923946E+00  -0.175248571350E+00  -0.168621120786E-01
       1956   0.329568400000E+05   0.768930400000E+04   0.198305941192E+00   0.601065911239E-01   0.188977363764E+00
       1957   0.330098700000E+05   0.821767700000E+04   0.165381492429E+00  -0.154646203971E-01   0.164656866101E+00
       1959   0.340001700000E+05   0.641617700000E+04   0.431146569946E+00   0.251972854599E+00   0.349852890972E+00
       1958   0.337416000000E+05   0.673957400000E+04   0.372376453844E+00   0.208814118567E+00   0.308319456513E+00
       1960   0.328796200000E+05   0.987351600000E+04   0.851328702799E-01  -0.801657859448E-01  -0.286540113413E-01
       1961   0.329933100000E+05   0.101371100000E+05   0.142346169159E+00  -0.141587944975E+00  -0.146726177618E-01
       1962   0.328690400000E+05   0.104000000000E+05   0.189064349749E+00  -0.189063482478E+00  -0.572659686992E-03
       1963   0.329818100000E+05   0.959446400000E+04   0.132288723500E+00   0.131847135975E+00   0.107999583618E-01
       1964   0.330442400000E+05   0.929308100000E+04   0.168918052746E+00   0.168161140706E+00  -0.159730804814E-01
       1965   0.331549400000E+05   0.895907900000E+04   0.163440631047E+00  -0.162643134082E+00   0.161260910671E-01
       1966   0.335785600000E+05   0.718160100000E+04   0.278810490105E+00   0.136832857336E+00   0.242923976886E+00
       1967   0.334118100000E+05   0.758120400000E+04   0.209923656670E+00   0.585748334854E-01   0.201586037493E+00
       1968   0.333028800000E+05   0.854211000000E+04   0.179952484559E+00  -0.177139200993E+00   0.316954282246E-01
       1969   0.333175400000E+05   0.801400300000E+04   0.177700457127E+00   0.191107436186E-01   0.176669838799E+00
       1971   0.342877200000E+05   0.679106100000E+04   0.376523119744E+00   0.236223342233E+00   0.293203329255E+00
       1970   0.339768200000E+05   0.709769700000E+04   0.314039887409E+00   0.175371820784E+00   0.260510605080E+00
       1972   0.332349200000E+05   0.989218400000E+04   0.112259544998E+00  -0.110682887871E+00  -0.187484339561E-01
       1974   0.331587200000E+05   0.104000000000E+05   0.198784916430E+00  -0.198784378713E+00  -0.462363059918E-03
       1973   0.332690200000E+05   0.101740600000E+05   0.158191488753E+00  -0.157929631883E+00  -0.909826837267E-02
       1975   0.333232900000E+05   0.959421500000E+04   0.141810851655E+00   0.141773958291E+00   0.323456297851E-02
       1976   0.334072800000E+05   0.929506800000E+04   0.186357773643E+00   0.184221913072E+00  -0.281337260473E-01
       1979   0.338875500000E+05   0.751892600000E+04   0.232072017166E+00   0.855545090614E-01   0.215726324612E+00
       1980   0.337287400000E+05   0.789060000000E+04   0.183430394250E+00   0.164674331404E-01   0.182689718321E+00
       1981   0.336288500000E+05   0.829157500000E+04   0.153522570525E+00  -0.267911966731E-01   0.151166833140E+00
       1982   0.342811700000E+05   0.736175100000E+04   0.267915241506E+00   0.154018834515E+00   0.219218555889E+00
       1983   0.345843700000E+05   0.713945200000E+04   0.301311446215E+00   0.201856738187E+00   0.223701687228E+00
       1985   0.335400900000E+05   0.101379100000E+05   0.175864530073E+00  -0.175156746141E+00  -0.157622085689E-01
       1984   0.335848900000E+05   0.987277700000E+04   0.124415299611E+00  -0.123581115715E+00  -0.143831365048E-01
       1986   0.334484000000E+05   0.104000000000E+05   0.232645359356E+00  -0.232645146285E+00   0.314864954533E-03
       1991   0.342048500000E+05   0.782750700000E+04   0.180221575866E+00   0.410142883853E-01   0.175492576925E+00
       2311   0.440421100000E+05   0.102877900000E+05   0.284905659111E+00   0.284591683758E+00   0.133719156874E-01
       2318   0.440421100000E+05   0.104000000000E+05   0.377943038874E+00   0.377900253520E+00   0.568674095967E-02
       2312   0.438736800000E+05   0.104000000000E+05   0.380599084953E+00   0.380512116271E+00   0.813589811538E-02
       2313   0.443789500000E+05   0.996042100000E+04   0.239191099705E+00  -0.238737350961E+00  -0.147261479810E-01
       2315   0.443789500000E+05   0.100703200000E+05   0.173633010130E+00   0.156374655015E+00   0.754678042335E-01
       2309   0.442105300000E+05   0.100668400000E+05   0.197237619986E+00  -0.180691244362E+00  -0.790781445699E-01
       2314   0.445473700000E+05   0.985631600000E+04   0.286400570616E+00   0.286065989278E+00   0.138396758559E-01
       2319   0.445473700000E+05   0.996505300000E+04   0.229451479851E+00  -0.228612680127E+00  -0.196016349165E-01
       2322   0.443789500000E+05   0.101802100000E+05   0.209155956725E+00  -0.208681437171E+00   0.140809095512E-01
       2316   0.442105300000E+05   0.101778900000E+05   0.230651835155E+00  -0.224965411778E+00  -0.509002216469E-01
       2317   0.442105300000E+05   0.102889500000E+05   0.280045284382E+00   0.279861347447E+00   0.101482761895E-01
       2324   0.442105300000E+05   0.104000000000E+05   0.371517942290E+00   0.371440067907E+00   0.760640493921E-02
       2321   0.445473700000E+05   0.100737900000E+05   0.172950405906E+00  -0.172851633142E+00   0.584429834886E-02
       2320   0.447157900000E+05   0.986210500000E+04   0.286654152024E+00   0.286329793101E+00   0.136327713698E-01
       2325   0.447157900000E+05   0.996968400000E+04   0.227229308379E+00   0.227157558732E+00   0.570982461227E-02
       2328   0.445473700000E+05   0.101825300000E+05   0.208678757904E+00   0.207546838593E+00   0.217056165607E-01
       2323   0.443789500000E+05   0.102901100000E+05   0.278100422973E+00   0.277688730438E+00   0.151266072043E-01
       2330   0.443789500000E+05   0.104000000000E+05   0.360971226084E+00   0.360949616643E+00   0.394972220051E-02
       2327   0.447157900000E+05   0.100772600000E+05   0.173570475317E+00  -0.173223768749E+00  -0.109652105418E-01
       2326   0.448842100000E+05   0.986789500000E+04   0.284534221858E+00   0.284214460869E+00   0.134856828244E-01
       2331   0.448842100000E+05   0.997431600000E+04   0.223580897889E+00   0.223346498289E+00   0.102352138701E-01
       2334   0.447157900000E+05   0.101848400000E+05   0.210583062704E+00   0.209550964372E+00   0.208235354548E-01
       2329   0.445473700000E+05   0.102912600000E+05   0.284581436621E+00   0.284217615076E+00   0.143854561931E-01
       2336   0.445473700000E+05   0.104000000000E+05   0.353292735895E+00   0.353211881974E+00   0.755802018220E-02
       2333   0.448842100000E+05   0.100807400000E+05   0.169907669938E+00  -0.168453291441E+00  -0.221834376579E-01
       2332   0.450526300000E+05   0.987368400000E+04   0.276592439063E+00   0.276294516117E+00   0.128342397654E-01
       2337   0.450526300000E+05   0.997894700000E+04   0.231157815730E+00   0.231138722617E+00   0.297097288932E-02
       2340   0.448842100000E+05   0.101871600000E+05   0.209047722710E+00   0.207953027644E+00   0.213655953354E-01
       2335   0.447157900000E+05   0.102924200000E+05   0.284721485947E+00   0.284500051178E+00   0.112269960146E-01
       2342   0.447157900000E+05   0.104000000000E+05   0.362957148606E+00   0.362878919491E+00   0.753535090594E-02
       2339   0.450526300000E+05   0.100842100000E+05   0.166821805934E+00   0.166500133550E+00  -0.103547314305E-01
       2338   0.452210500000E+05   0.987947400000E+04   0.278346401805E+00   0.278039975601E+00   0.130572342158E-01
       2343   0.452210500000E+05   0.998357900000E+04   0.237652241258E+00   0.237568058624E+00   0.632497400700E-02
       2346   0.450526300000E+05   0.101894700000E+05   0.208587210742E+00   0.207406782400E+00   0.221596728190E-01
       2341   0.448842100000E+05   0.102935800000E+05   0.288056068559E+00   0.287708372995E+00   0.141488777880E-01
       2348   0.448842100000E+05   0.104000000000E+05   0.360577592602E+00   0.360530092566E+00   0.585257562447E-02
       2345   0.452210500000E+05   0.100876800000E+05   0.173260961633E+00   0.173236487331E+00   0.291209261620E-02
       2344   0.453894700000E+05   0.988526300000E+04   0.278201572371E+00   0.277903783437E+00   0.128686448770E-01
       2349   0.453894700000E+05   0.998821100000E+04   0.236731350344E+00   0.236674872019E+00   0.517080173405E-02
       2352   0.452210500000E+05   0.101917900000E+05   0.206396710122E+00   0.205424513673E+00   0.200092761349E-01
       2347   0.450526300000E+05   0.102947400000E+05   0.288471714396E+00   0.288250656149E+00   0.112911131753E-01
       2354   0.450526300000E+05   0.104000000000E+05   0.363751929593E+00   0.363675251477E+00   0.746845002607E-02
       2351   0.453894700000E+05   0.100911600000E+05   0.171857917516E+00   0.171852286149E+00   0.139124338445E-02
       2350   0.455578900000E+05   0.989105300000E+04   0.285130173749E+00   0.284827457616E+00   0.131352720050E-01
       2355   0.455578900000E+05   0.999284200000E+04   0.242856807888E+00   0.242828273197E+00   0.372275083974E-02
       2358   0.453894700000E+05   0.101941100000E+05   0.197430635709E+00   0.196804383162E+00   0.157127554706E-01
       2353   0.452210500000E+05   0.102958900000E+05   0.287989403400E+00   0.287741536851E+00   0.119458964223E-01
       2360   0.452210500000E+05   0.104000000000E+05   0.363650610809E+00   0.363597239661E+00   0.623009255822E-02
       2357   0.455578900000E+05   0.100946300000E+05   0.177801747732E+00   0.177799638772E+00  -0.865995993000E-03
       2356   0.457263200000E+05   0.989684200000E+04   0.286512094026E+00   0.286217735418E+00   0.129841424503E-01
       2361   0.457263200000E+05   0.999747400000E+04   0.242507086160E+00   0.242442042580E+00   0.561630015934E-02
       2364   0.455578900000E+05   0.101964200000E+05   0.185652393706E+00   0.185071976014E+00   0.146688439563E-01
       2359   0.453894700000E+05   0.102970500000E+05   0.286839617933E+00   0.286661585514E+00   0.101045438591E-01
       2366   0.453894700000E+05   0.104000000000E+05   0.360289100647E+00   0.360227978226E+00   0.663624503710E-02
       2363   0.457263200000E+05   0.100981100000E+05   0.177321633681E+00   0.177112110070E+00   0.861755405662E-02
       2362   0.458947400000E+05   0.990263200000E+04   0.287667453036E+00   0.287365482565E+00   0.131773656806E-01
       2367   0.458947400000E+05   0.100021100000E+05   0.242981709435E+00   0.242950259793E+00   0.390926931374E-02
       2370   0.457263200000E+05   0.101987400000E+05   0.168547317422E+00   0.168396482622E+00   0.712901471019E-02
       2365   0.455578900000E+05   0.102982100000E+05   0.279498427747E+00   0.279451447394E+00   0.512441824853E-02
       2372   0.455578900000E+05   0.104000000000E+05   0.355709372545E+00   0.355669958472E+00   0.529512579938E-02
       2369   0.458947400000E+05   0.101015800000E+05   0.177484164142E+00   0.177484051846E+00  -0.199653704177E-03
       2368   0.460631600000E+05   0.990842100000E+04   0.287096062879E+00   0.286803959579E+00   0.129475129008E-01
       2373   0.460631600000E+05   0.100067400000E+05   0.240272816885E+00   0.240093107232E+00   0.929119979871E-02
       2376   0.458947400000E+05   0.102010500000E+05   0.167500254919E+00  -0.167233041436E+00  -0.945754989165E-02
       2371   0.457263200000E+05   0.102993700000E+05   0.266610094734E+00   0.266578633442E+00   0.409570582537E-02
       2378   0.457263200000E+05   0.104000000000E+05   0.342413787728E+00   0.342372725256E+00   0.530273769289E-02
       2375   0.460631600000E+05   0.101050500000E+05   0.175756099776E+00   0.175176018668E+00   0.142677640859E-01
       2374   0.462315800000E+05   0.991421100000E+04   0.277837074456E+00   0.277568386322E+00   0.122160082248E-01
       2379   0.462315800000E+05   0.100113700000E+05   0.229612502415E+00   0.229444976151E+00   0.876950307995E-02
       2382   0.460631600000E+05   0.102033700000E+05   0.169847007003E+00  -0.169781146269E+00  -0.472949884865E-02
       2377   0.458947400000E+05   0.103005300000E+05   0.247902391663E+00   0.247790676762E+00  -0.744152552176E-02
       2384   0.458947400000E+05   0.104000000000E+05   0.326172632079E+00   0.326164602759E+00   0.228862932805E-02
       2381   0.462315800000E+05   0.101085300000E+05   0.166615473954E+00   0.165009426199E+00   0.230782457420E-01
       2380   0.464000000000E+05   0.992000000000E+04   0.266640294437E+00   0.266380728945E+00   0.117623919504E-01
       2385   0.464000000000E+05   0.100160000000E+05   0.216992608196E+00   0.216643634416E+00   0.123015315705E-01
       2388   0.462315800000E+05   0.102056800000E+05   0.168972009361E+00  -0.168971988958E+00  -0.830358529429E-04
       2383   0.460631600000E+05   0.103016800000E+05   0.218058926681E+00   0.217127122348E+00  -0.201372353143E-01
       2390   0.460631600000E+05   0.104000000000E+05   0.295791791530E+00   0.295788649615E+00   0.136333964462E-02
       2387   0.464000000000E+05   0.101120000000E+05   0.159668061949E+00  -0.159667974440E+00  -0.167166243372E-03
       2386   0.465684200000E+05   0.992578900000E+04   0.246704287217E+00   0.246458462030E+00   0.110105324617E-01
       2391   0.465684200000E+05   0.100206300000E+05   0.193645109313E+00   0.192834161632E+00   0.177035157103E-01
       2394   0.464000000000E+05   0.102080000000E+05   0.166541042423E+00  -0.166540132862E+00   0.550415615815E-03
       2389   0.462315800000E+05   0.103028400000E+05   0.178265412603E+00  -0.178260997247E+00  -0.125466771731E-02
       2396   0.462315800000E+05   0.104000000000E+05   0.253790263304E+00   0.253787261152E+00  -0.123443299121E-02
       2393   0.465684200000E+05   0.101154700000E+05   0.160622731546E+00  -0.160602854705E+00  -0.252684584875E-02
       2392   0.467368400000E+05   0.993157900000E+04   0.214595076243E+00   0.214345318155E+00   0.103504266795E-01
       2397   0.467368400000E+05   0.100252600000E+05   0.176503625703E+00   0.176435582004E+00   0.490053965754E-02
       2400   0.465684200000E+05   0.102103200000E+05   0.165508475486E+00  -0.165494986997E+00  -0.211299231833E-02
       2395   0.464000000000E+05   0.103040000000E+05   0.173919576810E+00  -0.173919301427E+00  -0.309497514248E-03
       2402   0.464000000000E+05   0.104000000000E+05   0.209361408059E+00   0.209338775468E+00  -0.307835514496E-02
       2399   0.467368400000E+05   0.101189500000E+05   0.160550359610E+00  -0.160508918794E+00  -0.364759623246E-02
       2398   0.469052600000E+05   0.993736800000E+04   0.198043095089E+00   0.197932069180E+00   0.663049792286E-02
       2403   0.469052600000E+05   0.100298900000E+05   0.174482074220E+00   0.174412095145E+00   0.494118320420E-02
       2406   0.467368400000E+05   0.102126300000E+05   0.165962976135E+00  -0.165930922280E+00  -0.326166812567E-02
       2401   0.465684200000E+05   0.103051600000E+05   0.170865352078E+00  -0.170857232183E+00  -0.166575858283E-02
       2408   0.465684200000E+05   0.104000000000E+05   0.178296755976E+00  -0.178296611947E+00  -0.226626482653E-03
       2405   0.469052600000E+05   0.101224200000E+05   0.160093048361E+00  -0.160060677918E+00  -0.321924184079E-02
       2404   0.470736800000E+05   0.994315800000E+04   0.193939129172E+00   0.193832474048E+00   0.643100524855E-02
       2409   0.470736800000E+05   0.100345300000E+05   0.172503716868E+00   0.172440375731E+00   0.467430756021E-02
       2412   0.469052600000E+05   0.102149500000E+05   0.166412627875E+00  -0.166385168938E+00  -0.302295774240E-02
       2407   0.467368400000E+05   0.103063200000E+05   0.171390022137E+00  -0.171370139830E+00  -0.261052916419E-02
       2414   0.467368400000E+05   0.104000000000E+05   0.178544073461E+00  -0.178543638578E+00  -0.394070316099E-03
       2411   0.470736800000E+05   0.101258900000E+05   0.159683827985E+00  -0.159660988423E+00  -0.270068430549E-02
       2410   0.472421100000E+05   0.994894700000E+04   0.190197988003E+00   0.190093155365E+00   0.631402593877E-02
       2415   0.472421100000E+05   0.100391600000E+05   0.170431393763E+00   0.170364786822E+00   0.476438781160E-02
       2418   0.470736800000E+05   0.102172600000E+05   0.166378426482E+00  -0.166358901473E+00  -0.254886239736E-02
       2413   0.469052600000E+05   0.103074700000E+05   0.172396357698E+00  -0.172378551894E+00  -0.247769942131E-02
       2420   0.469052600000E+05   0.104000000000E+05   0.179411552228E+00  -0.179411202180E+00  -0.354408329252E-03
       2417   0.472421100000E+05   0.101293700000E+05   0.159444827752E+00  -0.159424784297E+00  -0.252809196130E-02
       2416   0.474105300000E+05   0.995473700000E+04   0.186161110529E+00   0.186057645334E+00   0.620577843338E-02
       2421   0.474105300000E+05   0.100437900000E+05   0.167648238512E+00   0.167577241670E+00   0.487851930530E-02
       2424   0.472421100000E+05   0.102195800000E+05   0.166068430686E+00  -0.166050990477E+00  -0.240670560905E-02
       2419   0.470736800000E+05   0.103086300000E+05   0.172692384753E+00  -0.172677452148E+00  -0.227096263315E-02
       2426   0.470736800000E+05   0.104000000000E+05   0.179789731444E+00  -0.179789420246E+00  -0.334514901470E-03
       2423   0.474105300000E+05   0.101328400000E+05   0.159214409968E+00  -0.159194847676E+00  -0.249575939452E-02
       2422   0.475789500000E+05   0.996052600000E+04   0.181684491425E+00   0.181583079505E+00   0.606956851686E-02
       2427   0.475789500000E+05   0.100484200000E+05   0.164389397649E+00   0.164323825321E+00   0.464268148623E-02
       2430   0.474105300000E+05   0.102218900000E+05   0.165649472627E+00  -0.165632160210E+00  -0.239484566688E-02
       2425   0.472421100000E+05   0.103097900000E+05   0.172569323444E+00  -0.172555587377E+00  -0.217730548379E-02
       2432   0.472421100000E+05   0.104000000000E+05   0.179901568465E+00  -0.179901267015E+00  -0.329336253989E-03
       2429   0.475789500000E+05   0.101363200000E+05   0.159014616099E+00  -0.158995928672E+00  -0.243778567446E-02
       2428   0.477473700000E+05   0.996631600000E+04   0.178413196924E+00   0.178315926930E+00   0.589058908449E-02
       2433   0.477473700000E+05   0.100530500000E+05   0.162190569419E+00   0.162141538714E+00   0.398776024165E-02
       2436   0.475789500000E+05   0.102242100000E+05   0.165222938860E+00  -0.165206771195E+00  -0.231133662039E-02
       2431   0.474105300000E+05   0.103109500000E+05   0.172322263302E+00  -0.172308193222E+00  -0.220203958781E-02
       2438   0.474105300000E+05   0.104000000000E+05   0.179966818362E+00  -0.179966462578E+00  -0.357852607413E-03
       2435   0.477473700000E+05   0.101397900000E+05   0.158670820111E+00  -0.158649471949E+00  -0.260273026722E-02
       2434   0.479157900000E+05   0.997210500000E+04   0.175438495853E+00   0.175357521113E+00   0.532969193277E-02
       2439   0.479157900000E+05   0.100576800000E+05   0.159635176743E+00   0.159581169980E+00   0.415208883340E-02
       2442   0.477473700000E+05   0.102265300000E+05   0.164559015121E+00  -0.164542404906E+00  -0.233804307138E-02
       2437   0.475789500000E+05   0.103121100000E+05   0.172174038201E+00  -0.172160717428E+00  -0.214168278610E-02
       2444   0.475789500000E+05   0.104000000000E+05   0.180457391541E+00  -0.180457129789E+00  -0.307359753987E-03
       2441   0.479157900000E+05   0.101432600000E+05   0.159377454277E+00  -0.159358181005E+00  -0.247852348915E-02
       2440   0.480842100000E+05   0.997789500000E+04   0.178315974394E+00   0.178189438932E+00   0.671644079319E-02
       2446   0.480842100000E+05   0.101186000000E+05   0.163856303405E+00  -0.163829619921E+00  -0.295699206991E-02
       2447   0.479157900000E+05   0.102288400000E+05   0.164703922441E+00  -0.164695019379E+00  -0.171250087594E-02
       2443   0.477473700000E+05   0.103132600000E+05   0.171251909366E+00  -0.171237021764E+00  -0.225806088092E-02
       2449   0.477473700000E+05   0.104000000000E+05   0.180618432803E+00  -0.180617439345E+00  -0.599060035324E-03
       2445   0.482526300000E+05   0.998368400000E+04   0.179080269852E+00   0.178997566284E+00   0.544190360257E-02
       2451   0.482526300000E+05   0.101224600000E+05   0.166834923999E+00  -0.166819525406E+00  -0.226667352274E-02
       2452   0.480842100000E+05   0.102593000000E+05   0.173109402379E+00  -0.173107361467E+00  -0.840593737131E-03
       2448   0.479157900000E+05   0.103144200000E+05   0.170538826178E+00  -0.170529463738E+00  -0.178696151284E-02
       2453   0.479157900000E+05   0.104000000000E+05   0.181357964806E+00  -0.181357061955E+00  -0.572256732284E-03
       2450   0.484210500000E+05   0.998947400000E+04   0.174759539872E+00   0.174665651549E+00   0.572773472664E-02
       2455   0.484210500000E+05   0.101263200000E+05   0.165683287541E+00  -0.165659959521E+00  -0.278021254339E-02
       2456   0.482526300000E+05   0.102612300000E+05   0.174750375950E+00  -0.174736143786E+00  -0.223023528952E-02
       2457   0.480842100000E+05   0.104000000000E+05   0.183034192171E+00  -0.183032143177E+00   0.866064435735E-03
       2454   0.485894700000E+05   0.999526300000E+04   0.172121587099E+00   0.172030129909E+00   0.561027174558E-02
       2459   0.485894700000E+05   0.101301800000E+05   0.165971253315E+00  -0.165953026902E+00  -0.245963185460E-02
       2460   0.484210500000E+05   0.102631600000E+05   0.173423936457E+00  -0.173401054263E+00  -0.281711143215E-02
       2461   0.482526300000E+05   0.104000000000E+05   0.183992972360E+00  -0.183991889485E+00  -0.631254002404E-03
       2458   0.487578900000E+05   0.100010500000E+05   0.168458982335E+00   0.168369629872E+00   0.548602463055E-02
       2463   0.487578900000E+05   0.101340400000E+05   0.165659918700E+00  -0.165639922237E+00  -0.257387354128E-02
       2464   0.485894700000E+05   0.102650900000E+05   0.173383815892E+00  -0.173363809574E+00  -0.263384570702E-02
       2465   0.484210500000E+05   0.104000000000E+05   0.182819568245E+00  -0.182819069196E+00  -0.427166797033E-03
       2462   0.489263200000E+05   0.100068400000E+05   0.164213872614E+00   0.164126887555E+00   0.534422495029E-02
       2467   0.489263200000E+05   0.101378900000E+05   0.165617520336E+00  -0.165598354163E+00  -0.251955165668E-02
       2468   0.487578900000E+05   0.102670200000E+05   0.172873083828E+00  -0.172852490331E+00  -0.266827637325E-02
       2469   0.485894700000E+05   0.104000000000E+05   0.182351826103E+00  -0.182351488249E+00  -0.351022051148E-03
       2466   0.490947400000E+05   0.100126300000E+05   0.159941696655E+00  -0.159861070617E+00  -0.507783712788E-02
       2471   0.490947400000E+05   0.101417500000E+05   0.165435978382E+00  -0.165416066813E+00  -0.256666772450E-02
       2472   0.489263200000E+05   0.102689500000E+05   0.172500652330E+00  -0.172480661945E+00  -0.262608247241E-02
       2473   0.487578900000E+05   0.104000000000E+05   0.181538222144E+00  -0.181537777647E+00  -0.401728848667E-03
       2470   0.492631600000E+05   0.100184200000E+05   0.160138017582E+00  -0.160057929090E+00  -0.506399155715E-02
       2475   0.492631600000E+05   0.101456100000E+05   0.165322498285E+00  -0.165302555548E+00  -0.256779446668E-02
       2476   0.490947400000E+05   0.102708800000E+05   0.172031129071E+00  -0.172010953292E+00  -0.263463791247E-02
       2477   0.489263200000E+05   0.104000000000E+05   0.180765990806E+00  -0.180765600413E+00  -0.375685239798E-03
       2474   0.494315800000E+05   0.100242100000E+05   0.160270372762E+00  -0.160189917466E+00  -0.507766948051E-02
       2479   0.494315800000E+05   0.101494700000E+05   0.165181031745E+00  -0.165161020853E+00  -0.257107740420E-02
       2480   0.492631600000E+05   0.102728100000E+05   0.171568920302E+00  -0.171549047330E+00  -0.261127817377E-02
       2481   0.490947400000E+05   0.104000000000E+05   0.179929684748E+00  -0.179929270424E+00  -0.386132527710E-03
       2478   0.496000000000E+05   0.100300000000E+05   0.160480535668E+00  -0.160400348781E+00  -0.507251801788E-02
       2483   0.496000000000E+05   0.101533300000E+05   0.165018702412E+00  -0.164999009048E+00  -0.254934481875E-02
       2484   0.494315800000E+05   0.102747400000E+05   0.171115739632E+00  -0.171095735330E+00  -0.261642918126E-02
       2485   0.492631600000E+05   0.104000000000E+05   0.179089573486E+00  -0.179089172940E+00  -0.378770324965E-03
       2482   0.497684200000E+05   0.100357900000E+05   0.160790005397E+00  -0.160709707468E+00  -0.508092126824E-02
       2487   0.497684200000E+05   0.101571900000E+05   0.164860197585E+00  -0.164841020575E+00  -0.251449466117E-02
       2488   0.496000000000E+05   0.102766700000E+05   0.170621680500E+00  -0.170601909300E+00  -0.259738326010E-02
       2489   0.494315800000E+05   0.104000000000E+05   0.178250406982E+00  -0.178250007879E+00  -0.377200637725E-03
       2486   0.499368400000E+05   0.100415800000E+05   0.161331505436E+00  -0.161251316679E+00  -0.508601173880E-02
       2491   0.499368400000E+05   0.101610500000E+05   0.164701100620E+00  -0.164683033578E+00  -0.243946657237E-02
       2492   0.497684200000E+05   0.102786000000E+05   0.170083887815E+00  -0.170064738378E+00  -0.255218625434E-02
       2493   0.496000000000E+05   0.104000000000E+05   0.177355960115E+00  -0.177355583804E+00  -0.365351728248E-03
       2490   0.501052600000E+05   0.100473700000E+05   0.162270553184E+00  -0.162190830327E+00  -0.508595993364E-02
       2495   0.501052600000E+05   0.101649100000E+05   0.164726977980E+00  -0.164711433887E+00  -0.226292315492E-02
       2496   0.499368400000E+05   0.102805300000E+05   0.169434841339E+00  -0.169417222839E+00  -0.244337164931E-02
       2497   0.497684200000E+05   0.104000000000E+05   0.176370944985E+00  -0.176370529188E+00  -0.382973552978E-03
       2500   0.501052600000E+05   0.102824600000E+05   0.168640444742E+00  -0.168625447594E+00  -0.224900561834E-02
       2501   0.499368400000E+05   0.104000000000E+05   0.175163131564E+00  -0.175162672996E+00  -0.400809414094E-03
       2308   0.443789500000E+05   0.985052600000E+04   0.280021167560E+00   0.279696802662E+00   0.134741553419E-01
       2310   0.440421100000E+05   0.101755800000E+05   0.240678720344E+00  -0.227598582093E+00  -0.782632216033E-01
       2494   0.502736800000E+05   0.100531600000E+05   0.164018955888E+00  -0.163939690994E+00  -0.509858877532E-02
