         367           8
          1   0.560000000000E+05  -0.104000000000E+05   0.107251595696E+00  -0.107208577997E+00  -0.303736450488E-02
          3   0.560000000000E+05  -0.103500000000E+05   0.106688358506E+00  -0.106667418729E+00   0.211367512017E-02
          2   0.558315800000E+05  -0.104000000000E+05   0.102038447506E+00  -0.102028363389E+00   0.143451510992E-02
          5   0.558315800000E+05  -0.103480700000E+05   0.104031932714E+00  -0.104019989764E+00   0.157631014390E-02
          4   0.556631600000E+05  -0.104000000000E+05   0.949445609148E-01  -0.949427942204E-01   0.579200257841E-03
          6   0.560000000000E+05  -0.103000000000E+05   0.106401387080E+00  -0.106396827728E+00   0.984998509137E-03
          8   0.556631600000E+05  -0.103461400000E+05   0.985448006092E-01  -0.985128537828E-01   0.250905692959E-02
          7   0.554947400000E+05  -0.104000000000E+05   0.103405172774E+00  -0.103395541784E+00  -0.141127445359E-02
          9   0.558315800000E+05  -0.102961400000E+05   0.102547492126E+00  -0.102540463878E+00   0.120058694751E-02
         10   0.560000000000E+05  -0.102500000000E+05   0.108168495089E+00  -0.108162179762E+00   0.116884513491E-02
         12   0.554947400000E+05  -0.103442100000E+05   0.107872543828E+00  -0.107869069635E+00   0.865752842496E-03
         11   0.553263200000E+05  -0.104000000000E+05   0.102364842609E+00  -0.102345734077E+00   0.197780655975E-02
         13   0.556631600000E+05  -0.102922800000E+05   0.999668448138E-01  -0.999370321005E-01   0.244124496232E-02
         14   0.558315800000E+05  -0.102442100000E+05   0.102659810207E+00  -0.102588591122E+00   0.382329744700E-02
         16   0.553263200000E+05  -0.103422800000E+05   0.109358395304E+00  -0.109313318381E+00   0.313959359795E-02
         15   0.551578900000E+05  -0.104000000000E+05   0.112807146245E+00  -0.112807085522E+00  -0.117046785561E-03
         17   0.554947400000E+05  -0.102884200000E+05   0.109509758715E+00  -0.109507220758E+00   0.745557360217E-03
         18   0.556631600000E+05  -0.102384200000E+05   0.101812391670E+00  -0.101751145362E+00   0.353093683049E-02
         20   0.551578900000E+05  -0.103403500000E+05   0.120532696188E+00  -0.120526959467E+00   0.117596433465E-02
         19   0.549894700000E+05  -0.104000000000E+05   0.117206223607E+00  -0.117205787290E+00   0.319809327752E-03
         21   0.553263200000E+05  -0.102845600000E+05   0.112281202604E+00  -0.112231662123E+00   0.333503755092E-02
         22   0.554947400000E+05  -0.102326300000E+05   0.110348350430E+00  -0.110323026618E+00   0.236394594330E-02
         24   0.549894700000E+05  -0.103384200000E+05   0.125113175108E+00  -0.125100679039E+00   0.176824474795E-02
         23   0.548210500000E+05  -0.104000000000E+05   0.125552115899E+00  -0.125551335732E+00   0.442609048258E-03
         25   0.551578900000E+05  -0.102807000000E+05   0.123966228117E+00  -0.123958674404E+00   0.136848588073E-02
         26   0.553263200000E+05  -0.102268400000E+05   0.112738788332E+00  -0.112650409750E+00   0.446313540807E-02
         28   0.548210500000E+05  -0.103364900000E+05   0.131997778114E+00  -0.131988464316E+00   0.156802883957E-02
         27   0.546526300000E+05  -0.104000000000E+05   0.130475998113E+00  -0.130474982434E+00   0.514822672237E-03
         29   0.549894700000E+05  -0.102768400000E+05   0.126797294169E+00  -0.126779559493E+00   0.212063745169E-02
         30   0.551578900000E+05  -0.102210500000E+05   0.122111846779E+00  -0.122060694459E+00   0.353411826150E-02
         32   0.546526300000E+05  -0.103345600000E+05   0.136742629897E+00  -0.136728894304E+00   0.193811596740E-02
         31   0.544842100000E+05  -0.104000000000E+05   0.134803109568E+00  -0.134802038095E+00   0.537470808072E-03
         33   0.548210500000E+05  -0.102729800000E+05   0.132080240756E+00  -0.132064446019E+00   0.204257087022E-02
         34   0.549894700000E+05  -0.102152600000E+05   0.123873883032E+00  -0.123804762587E+00   0.413759085860E-02
         36   0.544842100000E+05  -0.103326300000E+05   0.140991681840E+00  -0.140976980035E+00   0.203603743913E-02
         35   0.543157900000E+05  -0.104000000000E+05   0.138225885937E+00  -0.138224823355E+00   0.541988556334E-03
         37   0.546526300000E+05  -0.102691200000E+05   0.135780703456E+00  -0.135759366221E+00   0.240705507949E-02
         38   0.548210500000E+05  -0.102094700000E+05   0.127375236191E+00  -0.127315714114E+00   0.389355037059E-02
         40   0.543157900000E+05  -0.103307000000E+05   0.144245397444E+00  -0.144231776349E+00   0.198226508015E-02
         39   0.541473700000E+05  -0.104000000000E+05   0.141860478225E+00  -0.141859444704E+00   0.541507395501E-03
         41   0.544842100000E+05  -0.102652600000E+05   0.139585395346E+00  -0.139559780345E+00   0.267400521056E-02
         42   0.546526300000E+05  -0.102036800000E+05   0.129678388041E+00  -0.129614955450E+00   0.405557008954E-02
         44   0.541473700000E+05  -0.103287700000E+05   0.147189756196E+00  -0.147178755151E+00   0.179954468784E-02
         43   0.539789500000E+05  -0.104000000000E+05   0.145272723457E+00  -0.145271700875E+00   0.545073788523E-03
         45   0.543157900000E+05  -0.102614000000E+05   0.142580841423E+00  -0.142554646024E+00   0.273299063825E-02
         46   0.544842100000E+05  -0.101978900000E+05   0.132608986831E+00  -0.132545119990E+00   0.411516163184E-02
         48   0.539789500000E+05  -0.103268400000E+05   0.149864760753E+00  -0.149854391394E+00   0.176292245777E-02
         47   0.538105300000E+05  -0.104000000000E+05   0.147931420905E+00  -0.147929996766E+00   0.649113163236E-03
         49   0.541473700000E+05  -0.102575400000E+05   0.144895661535E+00  -0.144870752656E+00   0.268658831447E-02
         50   0.543157900000E+05  -0.101921100000E+05   0.135244601522E+00  -0.135179077785E+00   0.420941443199E-02
         52   0.538105300000E+05  -0.103249100000E+05   0.152331987948E+00  -0.152319710647E+00   0.193398573377E-02
         51   0.536421100000E+05  -0.104000000000E+05   0.149444076344E+00  -0.149442523941E+00   0.681170024194E-03
         53   0.539789500000E+05  -0.102536800000E+05   0.146553782330E+00  -0.146530661744E+00   0.260312968453E-02
         54   0.541473700000E+05  -0.101863200000E+05   0.137078618531E+00  -0.137015942354E+00   0.414477973463E-02
         56   0.536421100000E+05  -0.103229800000E+05   0.154766330613E+00  -0.154751732279E+00   0.212566418090E-02
         55   0.534736800000E+05  -0.104000000000E+05   0.149359971521E+00  -0.149358045198E+00   0.758569280283E-03
         57   0.538105300000E+05  -0.102498200000E+05   0.147969859170E+00  -0.147947503043E+00   0.257207426278E-02
         58   0.539789500000E+05  -0.101805300000E+05   0.138474410826E+00  -0.138421339279E+00   0.383344304573E-02
         60   0.534736800000E+05  -0.103210500000E+05   0.156333268789E+00  -0.156310649220E+00   0.265929894356E-02
         59   0.533052600000E+05  -0.104000000000E+05   0.148328524386E+00  -0.148326828875E+00   0.709212571203E-03
         61   0.536421100000E+05  -0.102459600000E+05   0.149589541643E+00  -0.149564879544E+00   0.271620618736E-02
         62   0.538105300000E+05  -0.101747400000E+05   0.143451154080E+00  -0.143386599128E+00   0.430311485858E-02
         64   0.533052600000E+05  -0.103191200000E+05   0.156757456793E+00  -0.156733573332E+00   0.273628412140E-02
         63   0.531368400000E+05  -0.104000000000E+05   0.148207980585E+00  -0.148206595258E+00   0.640805091940E-03
         65   0.534736800000E+05  -0.102421100000E+05   0.151370726619E+00  -0.151338229440E+00   0.313642904746E-02
         66   0.536421100000E+05  -0.101689500000E+05   0.148572177281E+00  -0.148472928118E+00   0.542968490392E-02
         68   0.531368400000E+05  -0.103171900000E+05   0.156849482497E+00  -0.156835029490E+00   0.212924501657E-02
         67   0.529684200000E+05  -0.104000000000E+05   0.148918026060E+00  -0.148916372908E+00   0.701687695737E-03
         69   0.533052600000E+05  -0.102382500000E+05   0.153036045303E+00  -0.152997146502E+00   0.345026440577E-02
         70   0.534736800000E+05  -0.101631600000E+05   0.153405573533E+00  -0.153333694517E+00   0.469554222742E-02
         72   0.529684200000E+05  -0.103152600000E+05   0.157019116850E+00  -0.157004775812E+00   0.212212828196E-02
         71   0.528000000000E+05  -0.104000000000E+05   0.149664041954E+00  -0.149662383261E+00   0.704620820570E-03
         73   0.531368400000E+05  -0.102343900000E+05   0.154166515769E+00  -0.154129271092E+00   0.338856561671E-02
         74   0.533052600000E+05  -0.101573700000E+05   0.152513505821E+00  -0.152436711923E+00   0.483924745001E-02
         76   0.528000000000E+05  -0.103133300000E+05   0.157276935054E+00  -0.157265149076E+00   0.192540543753E-02
         75   0.526315800000E+05  -0.104000000000E+05   0.150109381278E+00  -0.150107411947E+00   0.768912431840E-03
         77   0.529684200000E+05  -0.102305300000E+05   0.154538192715E+00  -0.154504974917E+00   0.320401834050E-02
         78   0.531368400000E+05  -0.101515800000E+05   0.151872013435E+00  -0.151795787908E+00   0.481115765777E-02
         80   0.526315800000E+05  -0.103114000000E+05   0.158125939662E+00  -0.158114469320E+00   0.190456965194E-02
         79   0.524631600000E+05  -0.104000000000E+05   0.148624505588E+00  -0.148622115780E+00   0.842829941402E-03
         81   0.528000000000E+05  -0.102266700000E+05   0.154503507695E+00  -0.154475127367E+00   0.296123538904E-02
         82   0.529684200000E+05  -0.101457900000E+05   0.151207011968E+00  -0.151131566127E+00   0.477600128922E-02
         84   0.524631600000E+05  -0.103094700000E+05   0.159354930242E+00  -0.159334157726E+00   0.257293107959E-02
         83   0.522947400000E+05  -0.104000000000E+05   0.146061641053E+00  -0.146061571339E+00   0.142705944105E-03
         85   0.526315800000E+05  -0.102228100000E+05   0.154254082513E+00  -0.154230673405E+00   0.268725750947E-02
         86   0.528000000000E+05  -0.101400000000E+05   0.150744340807E+00  -0.150667808387E+00   0.480289508701E-02
         88   0.522947400000E+05  -0.103075400000E+05   0.159698976846E+00  -0.159656924599E+00   0.366464641150E-02
         87   0.521263200000E+05  -0.104000000000E+05   0.148907786964E+00   0.148907470987E+00  -0.306761719313E-03
         89   0.524631600000E+05  -0.102189500000E+05   0.154543199764E+00  -0.154514669299E+00   0.296943843452E-02
         90   0.526315800000E+05  -0.101342100000E+05   0.150525994466E+00  -0.150449293064E+00   0.480470879342E-02
         92   0.521263200000E+05  -0.103056100000E+05   0.157498081397E+00  -0.157439178555E+00   0.430705234313E-02
         91   0.519578900000E+05  -0.104000000000E+05   0.148379452396E+00   0.148377380960E+00  -0.784036225701E-03
         93   0.522947400000E+05  -0.102150900000E+05   0.156619429209E+00  -0.156570875475E+00   0.389955878432E-02
         94   0.524631600000E+05  -0.101284200000E+05   0.150521718502E+00  -0.150444320868E+00   0.482639193543E-02
         96   0.519578900000E+05  -0.103036800000E+05   0.154646012027E+00  -0.154604943272E+00   0.356378332207E-02
         95   0.517894700000E+05  -0.104000000000E+05   0.147096879639E+00  -0.147096806043E+00   0.147144458466E-03
         97   0.521263200000E+05  -0.102112300000E+05   0.159009797813E+00  -0.158933518729E+00   0.492467511789E-02
         98   0.522947400000E+05  -0.101226300000E+05   0.150636988022E+00  -0.150559458966E+00   0.483233653010E-02
        100   0.517894700000E+05  -0.103017500000E+05   0.152762811190E+00  -0.152744560633E+00   0.236128768740E-02
         99   0.516210500000E+05  -0.104000000000E+05   0.147234447691E+00  -0.147234375168E+00   0.146136203217E-03
        101   0.519578900000E+05  -0.102073700000E+05   0.161444134474E+00  -0.161374053141E+00   0.475641977248E-02
        102   0.521263200000E+05  -0.101168400000E+05   0.150798280142E+00  -0.150720579282E+00   0.484027630139E-02
        104   0.516210500000E+05  -0.102998200000E+05   0.152057113336E+00  -0.152025012754E+00   0.312429404710E-02
        103   0.514526300000E+05  -0.104000000000E+05   0.147287227565E+00  -0.147287153241E+00   0.147966217701E-03
        105   0.517894700000E+05  -0.102035100000E+05   0.161668242978E+00  -0.161611783322E+00   0.427226863268E-02
        106   0.519578900000E+05  -0.101110500000E+05   0.150960773956E+00  -0.150882895784E+00   0.484840523997E-02
        108   0.514526300000E+05  -0.102978900000E+05   0.151708043580E+00  -0.151623962798E+00   0.505018735398E-02
        107   0.512842100000E+05  -0.104000000000E+05   0.147275208845E+00  -0.147275120403E+00   0.161402078600E-03
        109   0.516210500000E+05  -0.101996500000E+05   0.160814313662E+00  -0.160774313985E+00   0.358656398546E-02
        110   0.517894700000E+05  -0.101052600000E+05   0.152778553958E+00  -0.152703238684E+00   0.479660765260E-02
        112   0.512842100000E+05  -0.102959600000E+05   0.152018196776E+00  -0.152013641869E+00   0.117679084995E-02
        111   0.511157900000E+05  -0.104000000000E+05   0.147210107566E+00  -0.147210021564E+00   0.159124667580E-03
        113   0.514526300000E+05  -0.101957900000E+05   0.158850776679E+00  -0.158825701002E+00   0.282240193670E-02
        114   0.516210500000E+05  -0.100994700000E+05   0.154535855810E+00  -0.154459143366E+00   0.486865092096E-02
        116   0.511157900000E+05  -0.102940400000E+05   0.152460079681E+00  -0.152450243329E+00   0.173182137207E-02
        115   0.509473700000E+05  -0.104000000000E+05   0.147094189511E+00  -0.147094100634E+00   0.161698576448E-03
        117   0.512842100000E+05  -0.101919300000E+05   0.164238397690E+00  -0.164081319780E+00   0.718134911055E-02
        118   0.514526300000E+05  -0.100936800000E+05   0.156137320437E+00  -0.156076663961E+00   0.435175827947E-02
        120   0.509473700000E+05  -0.102921100000E+05   0.152424459578E+00  -0.152409501595E+00   0.213534572560E-02
        119   0.507789500000E+05  -0.104000000000E+05   0.148125597834E+00   0.148125597708E+00   0.611060606496E-05
        121   0.511157900000E+05  -0.101880700000E+05   0.168808750289E+00  -0.168643113033E+00   0.747626917084E-02
        122   0.512842100000E+05  -0.100878900000E+05   0.165920217552E+00  -0.165845137621E+00   0.499088370057E-02
        124   0.507789500000E+05  -0.102901800000E+05   0.152075447033E+00  -0.152056542910E+00   0.239777993309E-02
        123   0.506105300000E+05  -0.104000000000E+05   0.151361523881E+00   0.151361484239E+00  -0.109548125365E-03
        125   0.509473700000E+05  -0.101842100000E+05   0.170800884749E+00  -0.170690152821E+00   0.614930573117E-02
        126   0.511157900000E+05  -0.100821100000E+05   0.177819399792E+00  -0.177708951894E+00   0.626636729860E-02
        128   0.506105300000E+05  -0.102882500000E+05   0.151671109597E+00  -0.151652684152E+00   0.236408034227E-02
        127   0.504421100000E+05  -0.104000000000E+05   0.152895640570E+00   0.152895560800E+00  -0.156182062050E-03
        129   0.507789500000E+05  -0.101803500000E+05   0.170166048752E+00  -0.170124796489E+00   0.374670089303E-02
        130   0.509473700000E+05  -0.100763200000E+05   0.187864845929E+00  -0.187751437481E+00   0.652671890809E-02
        133   0.506105300000E+05  -0.101764900000E+05   0.167107227870E+00  -0.167103075375E+00   0.117805198573E-02
        132   0.504421100000E+05  -0.102863200000E+05   0.151307970585E+00  -0.151291449172E+00   0.223592708035E-02
        134   0.507789500000E+05  -0.100705300000E+05   0.192868467900E+00  -0.192765739195E+00   0.629410065389E-02
        773   0.107398700000E+05   0.686023600000E+04   0.456529507750E+00   0.349522536823E+00   0.293688930161E+00
        809   0.116850400000E+05   0.662434200000E+04   0.491111366998E+00   0.362461693257E+00   0.331378779821E+00
        807   0.114487200000E+05   0.748447700000E+04   0.446850920910E+00   0.327030605025E+00   0.304510638394E+00
        808   0.109659200000E+05   0.602528400000E+04   0.474858710592E+00   0.360118567088E+00   0.309524494449E+00
        849   0.130243100000E+05   0.787590300000E+04   0.411757210530E+00   0.315514769204E+00   0.264564606169E+00
        806   0.121260800000E+05   0.811877900000E+04   0.407853332450E+00   0.295730570391E+00   0.280869668221E+00
        850   0.123639100000E+05   0.725187900000E+04   0.466980143710E+00   0.347081879168E+00   0.312417387117E+00
        847   0.127952700000E+05   0.873740200000E+04   0.342050670545E+00   0.253661556631E+00   0.229465631213E+00
        851   0.118829800000E+05   0.573614000000E+04   0.479140446545E+00   0.348242403876E+00   0.329093900974E+00
        852   0.125676800000E+05   0.635433400000E+04   0.487428499343E+00   0.363785849910E+00   0.324417011541E+00
        816   0.111362300000E+05   0.515930100000E+04   0.438689092037E+00   0.332072196146E+00   0.286663872888E+00
        859   0.121853500000E+05   0.495110300000E+04   0.417491872397E+00   0.292030089010E+00   0.298358661061E+00
        817   0.122079600000E+05   0.211689300000E+04   0.404256706806E+00  -0.404251731618E+00  -0.200561250897E-02
        854   0.128858000000E+05   0.164681400000E+04   0.372586865169E+00   0.363677486975E+00   0.809917129340E-01
        860   0.129447800000E+05   0.261347200000E+04   0.367795852136E+00  -0.366535916373E+00  -0.304172789168E-01
        818   0.114417300000E+05   0.440970200000E+04   0.412118140857E+00  -0.395308327988E+00  -0.116501879154E+00
        861   0.125244200000E+05   0.417017100000E+04   0.360307031654E+00  -0.347811791455E+00  -0.940644182654E-01
        820   0.123343700000E+05   0.313427200000E+04   0.406758678044E+00  -0.402706004624E+00  -0.572756143903E-01
        862   0.130306900000E+05   0.353281500000E+04   0.356938313745E+00  -0.350037429024E+00  -0.698481073603E-01
        848   0.134776600000E+05   0.931581400000E+04   0.271604032533E+00   0.212311691147E+00   0.169388595514E+00
        893   0.136899000000E+05   0.847070700000E+04   0.335987358050E+00   0.272945241978E+00   0.195929578296E+00
        894   0.143813000000E+05   0.900990300000E+04   0.258079937513E+00   0.226189867580E+00   0.124271468772E+00
        892   0.141947100000E+05   0.982173100000E+04   0.197193386295E+00   0.168172394716E+00   0.102972215932E+00
        896   0.132208900000E+05   0.697899000000E+04   0.457634212169E+00   0.354612000592E+00   0.289273920677E+00
        895   0.138651500000E+05   0.758720600000E+04   0.398775753149E+00   0.333930484318E+00   0.217973697823E+00
        897   0.128646100000E+05   0.555907200000E+04   0.439242977986E+00   0.306437732345E+00   0.314690816366E+00
        898   0.135113400000E+05   0.617804700000E+04   0.433254763463E+00   0.325828265293E+00   0.285561957550E+00
        863   0.135950600000E+05   0.216761200000E+04   0.320009790963E+00  -0.319892791241E+00  -0.865265419371E-02
        901   0.137250900000E+05   0.133018500000E+04   0.363707416895E+00   0.358147948374E+00   0.633492871351E-01
        855   0.130025100000E+05   0.837883600000E+03   0.429250438294E+00   0.425615045788E+00   0.557473907416E-01
        902   0.138995300000E+05   0.572529600000E+03   0.414418460672E+00   0.412495311943E+00   0.398782919743E-01
        857   0.131172400000E+05   0.152640100000E+03   0.463895207653E+00   0.462361357617E+00   0.376926871691E-01
        903   0.137229500000E+05  -0.239360500000E+03   0.462640110739E+00   0.462143935166E+00   0.214209069142E-01
        904   0.141270700000E+05  -0.830719500000E+03   0.465282913680E+00   0.465266780747E+00   0.387459618393E-02
        858   0.133263500000E+05  -0.106540200000E+04   0.493850070773E+00   0.493747778235E+00   0.100510641716E-01
        905   0.132280000000E+05   0.484400000000E+04   0.359366052561E+00   0.240292245377E+00   0.267214514098E+00
        906   0.136467300000E+05   0.316747200000E+04   0.329320584161E+00  -0.325289565257E+00  -0.513687247919E-01
        907   0.135757100000E+05   0.413879100000E+04   0.320422135216E+00  -0.311100822995E+00  -0.767243290486E-01
        908   0.142573500000E+05   0.272219100000E+04   0.293822923909E+00  -0.292442915127E+00  -0.284438395182E-01
        909   0.143899400000E+05   0.186711000000E+04   0.289676949773E+00   0.283156717015E+00   0.611147186792E-01
        945   0.151937100000E+05   0.948426400000E+04   0.182074443888E+00   0.174469262512E+00   0.520728293417E-01
        944   0.149649300000E+05   0.102044500000E+05   0.133436752163E+00   0.125220640184E+00   0.460994370856E-01
        946   0.145201700000E+05   0.814026400000E+04   0.321491333837E+00   0.291249614196E+00   0.136126191318E+00
        947   0.151331300000E+05   0.866208800000E+04   0.246678461861E+00   0.236835215794E+00   0.689879997226E-01
        948   0.147858400000E+05   0.736570700000E+04   0.340233464514E+00   0.321332359819E+00   0.111822738780E+00
        949   0.141455900000E+05   0.679073200000E+04   0.396772485019E+00   0.334965135395E+00   0.212665848077E+00
        950   0.138762400000E+05   0.545820100000E+04   0.351396697317E+00   0.243910302049E+00   0.252957315450E+00
        951   0.144950600000E+05   0.607050600000E+04   0.325306218564E+00   0.274890959184E+00   0.173951419641E+00
        899   0.140383800000E+05  -0.148714500000E+04   0.471674507401E+00   0.471582063051E+00  -0.933802660547E-02
        952   0.148125400000E+05  -0.126384800000E+04   0.449006252785E+00   0.448915035052E+00  -0.905021238375E-02
        900   0.145593100000E+05  -0.203824300000E+04   0.445728210257E+00   0.445014245112E+00  -0.252182288418E-01
        953   0.154045800000E+05  -0.182383000000E+04   0.424301744959E+00   0.424024384029E+00  -0.153392478267E-01
        954   0.146116300000E+05   0.109352200000E+04   0.352181302310E+00   0.349767542039E+00   0.411623156861E-01
        955   0.146601100000E+05   0.285475800000E+03   0.408312129935E+00   0.407541851098E+00   0.250686069687E-01
        956   0.147483600000E+05  -0.413824300000E+03   0.437666877743E+00   0.437544380812E+00   0.103542596873E-01
        957   0.142188400000E+05   0.472129600000E+04   0.279268425184E+00  -0.269792277668E+00  -0.721316866255E-01
        958   0.142897300000E+05   0.377048800000E+04   0.301054503756E+00  -0.295785377569E+00  -0.560787361483E-01
        959   0.148638400000E+05   0.330365300000E+04   0.279204314410E+00  -0.277025993911E+00  -0.348087328533E-01
        960   0.150146100000E+05   0.243270800000E+04   0.260203054090E+00  -0.259499478276E+00  -0.191219803461E-01
        961   0.152360700000E+05   0.165268200000E+04   0.292614387187E+00   0.291944780084E+00   0.197844628653E-01
        996   0.157859100000E+05   0.103915200000E+05   0.893371559617E-01   0.890335002036E-01   0.735957042333E-02
        997   0.160193200000E+05   0.967554300000E+04   0.136329107641E+00   0.136131015305E+00   0.734658166429E-02
        998   0.159528600000E+05   0.885165900000E+04   0.199976697286E+00   0.199971982343E+00   0.137322076605E-02
        999   0.154275200000E+05   0.797764700000E+04   0.273884490210E+00   0.271571223822E+00   0.355216042668E-01
       1001   0.151404300000E+05   0.664479500000E+04   0.299887590528E+00   0.299072355677E+00   0.220973532919E-01
       1000   0.157136500000E+05   0.723010900000E+04   0.276819650008E+00   0.275441965822E+00  -0.275833662666E-01
       1002   0.148207000000E+05   0.532287100000E+04   0.234296581030E+00  -0.224083810016E+00  -0.684202745611E-01
       1003   0.154219700000E+05   0.592879700000E+04   0.255219437097E+00   0.229865250057E+00  -0.110900531506E+00
       1004   0.154640800000E+05  -0.877004000000E+03   0.428897834901E+00   0.428892303468E+00   0.217825823732E-02
       1005   0.160302200000E+05  -0.144387300000E+04   0.415589754566E+00   0.415587838501E+00  -0.126197872303E-02
        972   0.160024000000E+05  -0.239225900000E+04   0.385519372077E+00   0.385173144898E+00  -0.163350756480E-01
       1006   0.153905200000E+05   0.801503000000E+03   0.361429098373E+00   0.360940574263E+00   0.187854997651E-01
       1007   0.154898300000E+05  -0.206473000000E+02   0.404155016641E+00   0.403920173444E+00   0.137757381136E-01
       1008   0.149947700000E+05   0.437562800000E+04   0.265380969996E+00  -0.260740369155E+00  -0.494117306821E-01
       1009   0.154504500000E+05   0.377269300000E+04   0.260050880649E+00  -0.258455236453E+00  -0.287637145805E-01
       1010   0.156105600000E+05   0.299341100000E+04   0.255767158638E+00  -0.255009030425E+00  -0.196782580459E-01
       1011   0.158392000000E+05   0.222838700000E+04   0.245818718235E+00   0.243114938715E+00  -0.363588889858E-01
       1012   0.159598900000E+05   0.136235900000E+04   0.323667560918E+00   0.323508017323E+00  -0.101613344708E-01
       1023   0.166301000000E+05  -0.194696600000E+04   0.389443002599E+00   0.389442997260E+00   0.644889167154E-04
       1046   0.166087500000E+05   0.103317500000E+05   0.700635700758E-01   0.685585276333E-01  -0.144441040051E-01
       1047   0.167260700000E+05   0.948356700000E+04   0.126991753665E+00   0.125198616134E+00  -0.212652772578E-01
       1048   0.167866700000E+05   0.868902200000E+04   0.183044668353E+00   0.177407504025E+00  -0.450769134717E-01
       1049   0.162334600000E+05   0.803109200000E+04   0.235898876873E+00   0.233001817380E+00  -0.368569288904E-01
       1051   0.161813800000E+05   0.645931000000E+04   0.254202608057E+00   0.215738499055E+00  -0.134446517130E+00
       1050   0.164664000000E+05   0.728433400000E+04   0.241960704317E+00   0.227392859072E+00  -0.826889961036E-01
       1052   0.155805000000E+05   0.503220700000E+04   0.234874730319E+00   0.160712946450E+00  -0.171281895674E+00
       1053   0.160814300000E+05   0.559014400000E+04   0.241280840616E+00   0.174296610058E+00  -0.166844645616E+00
       1054   0.162033300000E+05  -0.482185400000E+03   0.408906983243E+00   0.408824832059E+00   0.819619649088E-02
       1024   0.166361500000E+05  -0.114281600000E+04   0.405700789242E+00   0.405688572030E+00   0.314847833752E-02
       1055   0.161959800000E+05   0.460318700000E+03   0.379043642898E+00   0.379041648580E+00   0.122957849232E-02
       1056   0.160575100000E+05   0.432418600000E+04   0.239456823841E+00   0.140387789949E+00  -0.193986697784E+00
       1057   0.161217100000E+05   0.355055900000E+04   0.247044534467E+00  -0.246677288759E+00  -0.134654083046E-01
       1058   0.164721300000E+05   0.279240100000E+04   0.248507224648E+00  -0.248397377316E+00  -0.738807449484E-02
       1059   0.165500600000E+05   0.188947000000E+04   0.301166575846E+00   0.296388895169E+00  -0.534315377574E-01
       1060   0.166232400000E+05   0.112419200000E+04   0.351606603927E+00   0.350851594458E+00  -0.230296025096E-01
       1071   0.172854600000E+05  -0.214039500000E+04   0.368492184185E+00   0.368486404305E+00   0.206389152205E-02
       1072   0.172716900000E+05  -0.137940300000E+04   0.394586769209E+00   0.394574388610E+00   0.312574587572E-02
       1073   0.171437800000E+05  -0.667079900000E+03   0.400540786510E+00   0.400539223284E+00   0.111904833465E-02
       1094   0.173715300000E+05   0.100602300000E+05   0.741089480575E-01  -0.674884422910E-01   0.306177454970E-01
       1095   0.174513800000E+05   0.918808100000E+04   0.121378627849E+00   0.115666733564E+00  -0.367964406591E-01
       1096   0.174995000000E+05   0.834357700000E+04   0.174708403760E+00   0.161329432797E+00  -0.670510287606E-01
       1097   0.169837400000E+05   0.783369500000E+04   0.217631508663E+00   0.202039929800E+00  -0.808909162348E-01
       1098   0.170666300000E+05   0.694362000000E+04   0.216922972456E+00   0.178900695472E+00  -0.122678918884E+00
       1100   0.167565100000E+05   0.565336100000E+04   0.225738580053E+00   0.139448426350E+00  -0.177516317314E+00
       1099   0.170180400000E+05   0.626279700000E+04   0.209398295168E+00   0.146397809706E+00  -0.149717491739E+00
       1101   0.164831600000E+05   0.495451000000E+04   0.241738686262E+00   0.141153589946E+00  -0.196247946438E+00
       1102   0.169620200000E+05  -0.916729900000E+01   0.394363711277E+00   0.394307030697E+00  -0.668597896541E-02
       1103   0.171370400000E+05   0.657538600000E+03   0.379006816102E+00   0.378562678484E+00  -0.183429853317E-01
       1105   0.168887000000E+05   0.369486000000E+04   0.231615862618E+00   0.173243896656E+00  -0.153728527241E+00
       1104   0.170964900000E+05   0.444947000000E+04   0.221188518408E+00   0.135510355571E+00  -0.174817917298E+00
       1106   0.171821300000E+05   0.288883000000E+04   0.258822173806E+00   0.239831048386E+00  -0.973138524764E-01
       1107   0.171804000000E+05   0.215238600000E+04   0.305176843750E+00   0.298126566285E+00  -0.652185283207E-01
       1108   0.172490500000E+05   0.137456100000E+04   0.352335046965E+00   0.350528225416E+00  -0.356363368841E-01
       1118   0.179639500000E+05  -0.169592800000E+04   0.376804302513E+00   0.376788301931E+00   0.347245168506E-02
       1117   0.179985700000E+05  -0.241418200000E+04   0.340071997511E+00   0.340069675933E+00   0.125658340202E-02
       1119   0.179272000000E+05  -0.990050000000E+03   0.395054443859E+00   0.395054415629E+00  -0.149348820806E-03
       1120   0.178544100000E+05  -0.319408000000E+03   0.398157456022E+00   0.398096626503E+00  -0.695957997770E-02
       1147   0.180567300000E+05   0.965883300000E+04   0.885084969822E-01  -0.741712981676E-01   0.482946432452E-01
       1148   0.181059900000E+05   0.876431400000E+04   0.127294395116E+00   0.120056549026E+00  -0.423117958029E-01
       1149   0.181229500000E+05   0.789608900000E+04   0.157895318652E+00   0.139349349943E+00  -0.742474937128E-01
       1150   0.176511000000E+05   0.740956700000E+04   0.189238776129E+00   0.157178712246E+00  -0.105385799838E+00
       1151   0.177369200000E+05   0.653832600000E+04   0.177386664249E+00  -0.175501785590E+00  -0.257905391201E-01
       1152   0.175820800000E+05   0.580274300000E+04   0.208066489254E+00  -0.201308165667E+00  -0.525993002457E-01
       1153   0.173662700000E+05   0.512422900000E+04   0.206992417372E+00  -0.189394603569E+00  -0.835197281385E-01
       1154   0.178527200000E+05   0.310213700000E+03   0.391787872819E+00   0.391556717572E+00  -0.134563818366E-01
       1155   0.179160000000E+05   0.984547400000E+03   0.376083302588E+00   0.375581333623E+00  -0.194245288093E-01
       1157   0.177742900000E+05   0.402448900000E+04   0.206566957107E+00  -0.206213859748E+00  -0.120727716809E-01
       1156   0.179940700000E+05   0.469132900000E+04   0.198699685237E+00  -0.197878792716E+00  -0.180429572554E-01
       1158   0.176866800000E+05   0.333305100000E+04   0.239370648239E+00   0.218647186222E+00  -0.974254340284E-01
       1159   0.178120100000E+05   0.250637500000E+04   0.296015793990E+00   0.290883036750E+00  -0.548854190320E-01
       1160   0.178877500000E+05   0.172474700000E+04   0.344950445052E+00   0.343582828759E+00  -0.306863051455E-01
       1168   0.186580200000E+05  -0.206751000000E+04   0.350183437578E+00   0.350168518390E+00   0.323244225206E-02
       1169   0.186443600000E+05  -0.136592300000E+04   0.380667677836E+00   0.380641979068E+00   0.442320243437E-02
       1170   0.186158300000E+05  -0.679577400000E+03   0.393861191419E+00   0.393837282932E+00   0.433966346762E-02
       1171   0.186146800000E+05  -0.207079600000E+01   0.392920346323E+00   0.392902877548E+00   0.370504650706E-02
       1207   0.186780400000E+05   0.919070200000E+04   0.113860361870E+00   0.901650876631E-01  -0.695301299565E-01
       1208   0.187082200000E+05   0.830557700000E+04   0.140142449693E+00   0.128607859024E+00  -0.556769683375E-01
       1209   0.187055800000E+05   0.754113500000E+04   0.147086297129E+00  -0.140560886461E+00   0.433245427018E-01
       1210   0.183417800000E+05   0.695106800000E+04   0.161343370003E+00  -0.159333040040E+00   0.253902618251E-01
       1211   0.183308400000E+05   0.608028100000E+04   0.218333610602E+00  -0.218327522743E+00  -0.163043902285E-02
       1212   0.181919100000E+05   0.536329600000E+04   0.219272251774E+00  -0.218357094765E+00  -0.200124851924E-01
       1213   0.186124400000E+05   0.673083900000E+03   0.382918340290E+00   0.382907171153E+00   0.292465555164E-02
       1214   0.185659400000E+05   0.139389100000E+04   0.364011644828E+00   0.363989557100E+00   0.400997413609E-02
       1215   0.187936500000E+05   0.492466300000E+04   0.216943202910E+00  -0.216595525674E+00   0.122772776574E-01
       1216   0.186223500000E+05   0.427264800000E+04   0.208303187956E+00  -0.208080027234E+00  -0.963952169798E-02
       1217   0.184371100000E+05   0.363681600000E+04   0.209304146512E+00  -0.208712851552E+00  -0.157216838866E-01
       1218   0.183410800000E+05   0.295175300000E+04   0.266096826744E+00   0.264561632050E+00  -0.285423203398E-01
       1219   0.184766100000E+05   0.215211600000E+04   0.328862306024E+00   0.328847786888E+00  -0.309020743702E-02
       1227   0.193224200000E+05  -0.107213800000E+04   0.379148260833E+00   0.378598895398E+00   0.204029433220E-01
       1228   0.193051700000E+05  -0.389882500000E+03   0.387391394934E+00   0.386413753243E+00   0.275046209488E-01
       1229   0.193398200000E+05   0.340593200000E+03   0.382281950262E+00   0.380560217462E+00   0.362410041415E-01
       1260   0.192542300000E+05   0.869287000000E+04   0.143443459345E+00   0.108817099799E+00  -0.934604987156E-01
       1261   0.192860000000E+05   0.780799100000E+04   0.152050167948E+00   0.132299735904E+00  -0.749401991773E-01
       1262   0.191652300000E+05   0.703597500000E+04   0.174368609446E+00  -0.163906441980E+00   0.594902532972E-01
       1263   0.189540800000E+05   0.639330800000E+04   0.216964511138E+00  -0.214125715443E+00   0.349825253442E-01
       1264   0.189210400000E+05   0.562214100000E+04   0.240952145392E+00  -0.238853901632E+00   0.317293246660E-01
       1265   0.192435800000E+05   0.109020800000E+04   0.371412342889E+00   0.368572952110E+00   0.458378383336E-01
       1266   0.191438400000E+05   0.182506800000E+04   0.353300276583E+00   0.349283108791E+00   0.531262208949E-01
       1268   0.194006000000E+05   0.451035700000E+04   0.232762692040E+00  -0.230782118320E+00   0.302999120336E-01
       1267   0.195000400000E+05   0.518396300000E+04   0.247850940956E+00  -0.239332656277E+00   0.644202497077E-01
       1269   0.192486200000E+05   0.387641900000E+04   0.216790641629E+00  -0.216723689475E+00   0.538745933851E-02
       1270   0.190734500000E+05   0.325650000000E+04   0.252038049706E+00   0.233743307779E+00   0.942721834277E-01
       1271   0.189944900000E+05   0.259218000000E+04   0.306353784707E+00   0.302039266322E+00   0.512340024201E-01
       1280   0.199884800000E+05  -0.217067900000E+03   0.374006230515E+00   0.368810555088E+00   0.621243504599E-01
       1275   0.199158700000E+05   0.859450000000E+03   0.373897048133E+00   0.362462214695E+00   0.917613509132E-01
       1281   0.200634100000E+05   0.296253800000E+03   0.372194918279E+00   0.362148807792E+00   0.858911998243E-01
       1310   0.198011700000E+05   0.818720500000E+04   0.167316932456E+00   0.123599089823E+00  -0.112775089810E+00
       1311   0.198219900000E+05   0.731318400000E+04   0.179206561472E+00  -0.155419691209E+00   0.892172139167E-01
       1312   0.197293100000E+05   0.657285300000E+04   0.217732205171E+00  -0.205196009980E+00   0.728142201551E-01
       1313   0.195319900000E+05   0.594503400000E+04   0.252097058481E+00  -0.242513785477E+00   0.688475907200E-01
       1315   0.198128900000E+05   0.154359100000E+04   0.370353215402E+00   0.354409686756E+00   0.107495479406E+00
       1316   0.196457700000E+05   0.227382500000E+04   0.346523037508E+00   0.326095091267E+00   0.117218628960E+00
       1317   0.201002300000E+05   0.477747400000E+04   0.263017291933E+00  -0.253724825797E+00   0.692950837364E-01
       1314   0.200141400000E+05   0.548917900000E+04   0.267305243200E+00  -0.250600649372E+00   0.930129430576E-01
       1318   0.200108400000E+05   0.412992500000E+04   0.258161782101E+00   0.222207761998E+00   0.131419999412E+00
       1319   0.198753200000E+05   0.351592000000E+04   0.285631292519E+00   0.238322934616E+00   0.157440192143E+00
       1320   0.197145200000E+05   0.291421900000E+04   0.312059813348E+00   0.274881826998E+00   0.147720371964E+00
       1325   0.206264600000E+05   0.648666700000E+03   0.367396870092E+00   0.344398295959E+00   0.127946371163E+00
       1324   0.204809900000E+05   0.129522200000E+04   0.377783705672E+00   0.349822934260E+00   0.142633947351E+00
       1357   0.203316700000E+05   0.768829400000E+04   0.182406491581E+00   0.133997563777E+00  -0.123760983644E+00
       1358   0.203609000000E+05   0.683354200000E+04   0.211032039742E+00  -0.181937958567E+00   0.106925679938E+00
       1359   0.203119400000E+05   0.605130500000E+04   0.265527732635E+00  -0.242256276447E+00   0.108705442921E+00
       1360   0.205703100000E+05   0.520304300000E+04   0.281916282081E+00  -0.265989915638E+00   0.934138901940E-01
       1361   0.202985700000E+05   0.200601700000E+04   0.374430664796E+00   0.340637412827E+00   0.155449270575E+00
       1362   0.203665800000E+05   0.261435300000E+04   0.357355525773E+00   0.312598788297E+00   0.173161685589E+00
       1363   0.207013200000E+05   0.442635400000E+04   0.299182550681E+00   0.289632773329E+00   0.749870338506E-01
       1364   0.206290700000E+05   0.379713400000E+04   0.315566778736E+00   0.283621665976E+00   0.138351517631E+00
       1365   0.205112600000E+05   0.319948900000E+04   0.335837835328E+00   0.287116546128E+00   0.174215787394E+00
       1366   0.208778800000E+05   0.172642000000E+04   0.380958748521E+00   0.341905843438E+00   0.168017743996E+00
       1370   0.211678000000E+05   0.109729700000E+04   0.369181810488E+00   0.332556149130E+00   0.160317238221E+00
       1400   0.208565600000E+05   0.720784400000E+04   0.210011482487E+00  -0.157690457532E+00   0.138703072711E+00
       1401   0.208976800000E+05   0.639370800000E+04   0.249605491276E+00  -0.216084060025E+00   0.124942307799E+00
       1402   0.209546100000E+05   0.564210200000E+04   0.288262084385E+00  -0.256830735678E+00   0.130893095712E+00
       1403   0.211504600000E+05   0.484302100000E+04   0.332472575355E+00   0.332468159427E+00  -0.171357249049E-02
       1404   0.210559000000E+05   0.231499400000E+04   0.383220896607E+00   0.333151604657E+00   0.189389186362E+00
       1405   0.211517500000E+05   0.292315900000E+04   0.367622782137E+00   0.319485202227E+00   0.181867301911E+00
       1406   0.213219800000E+05   0.411252200000E+04   0.360849728835E+00   0.356432351397E+00   0.562894810575E-01
       1407   0.212554000000E+05   0.351874600000E+04   0.356235020020E+00   0.328758881568E+00   0.137189603391E+00
       1408   0.214859200000E+05   0.162949500000E+04   0.378207859688E+00   0.332495554018E+00   0.180243978229E+00
       1440   0.213857500000E+05   0.675747600000E+04   0.242456801751E+00  -0.189947558434E+00   0.150682533029E+00
       1441   0.214563900000E+05   0.599607400000E+04   0.285954044121E+00   0.266149376183E+00  -0.104566844202E+00
       1442   0.215373100000E+05   0.527565400000E+04   0.352983311403E+00   0.347089889926E+00  -0.642325963975E-01
       1443   0.217528000000E+05   0.453195500000E+04   0.406034251884E+00   0.405392484397E+00  -0.228198882087E-01
       1445   0.218493700000E+05   0.266219900000E+04   0.378312162321E+00   0.335251093482E+00   0.175290605793E+00
       1439   0.217268100000E+05   0.209477900000E+04   0.379356893999E+00   0.330529844840E+00   0.186176461172E+00
       1444   0.217985200000E+05   0.324002500000E+04   0.375265890485E+00   0.354605502708E+00   0.122798314363E+00
       1446   0.220002200000E+05   0.380299800000E+04   0.410762648907E+00   0.410459192425E+00   0.157862310489E-01
       1477   0.219286700000E+05   0.635114200000E+04   0.305739922559E+00   0.254193696755E+00  -0.169889566414E+00
       1478   0.220255500000E+05   0.564613800000E+04   0.376612030667E+00   0.355648563458E+00  -0.123898026433E+00
       1479   0.221321400000E+05   0.497734000000E+04   0.433697156074E+00   0.426145569779E+00  -0.805802490941E-01
       1480   0.223650100000E+05   0.429853500000E+04   0.457697411509E+00   0.455371676764E+00  -0.460820627125E-01
       1481   0.224164100000E+05   0.315754000000E+04   0.388072631451E+00   0.384103536013E+00   0.553610052590E-01
       1482   0.225837800000E+05   0.257104700000E+04   0.368161636437E+00   0.339533514541E+00   0.142337567240E+00
       1483   0.227084900000E+05   0.365180900000E+04   0.438223700942E+00   0.437210280239E+00  -0.297856160080E-01
       1513   0.224937900000E+05   0.600772800000E+04   0.379789885917E+00   0.337932052061E+00  -0.173327105885E+00
       1514   0.226160700000E+05   0.536811900000E+04   0.449864273496E+00   0.431790610550E+00  -0.126232853126E+00
       1515   0.227424600000E+05   0.475719700000E+04   0.483265343880E+00   0.475425638937E+00  -0.866940276838E-01
       1516   0.229965000000E+05   0.415160800000E+04   0.479460902553E+00   0.475653083516E+00  -0.603067261508E-01
       1518   0.231257700000E+05   0.301138100000E+04   0.391447346668E+00   0.391329479608E+00  -0.960539448728E-02
       1517   0.231848000000E+05   0.243445300000E+04   0.368288693440E+00  -0.637400994402E-01  -0.362730976674E+00
       1519   0.233503000000E+05   0.356113400000E+04   0.439039931939E+00   0.433999058170E+00  -0.663391237814E-01
       1545   0.230856200000E+05   0.575306600000E+04   0.418829425138E+00   0.398086476116E+00  -0.130173902512E+00
       1546   0.232262900000E+05   0.518370500000E+04   0.473999595635E+00   0.463454271355E+00  -0.994271342484E-01
       1547   0.233656500000E+05   0.463126700000E+04   0.490706856489E+00   0.483221726666E+00  -0.853813907302E-01
       1548   0.236271100000E+05   0.408487100000E+04   0.468829654428E+00   0.461561796735E+00  -0.822310930634E-01
       1549   0.237602100000E+05   0.249696400000E+04   0.419514844496E+00  -0.192540043833E-01  -0.419072771804E+00
       1550   0.238246600000E+05   0.302835500000E+04   0.436466127447E+00  -0.303654300199E+00  -0.313523119369E+00
       1551   0.239863900000E+05   0.355947600000E+04   0.441349824106E+00  -0.355946857578E+00  -0.260943483956E+00
       1575   0.236978800000E+05   0.561687100000E+04   0.381201577932E+00   0.378464207911E+00  -0.456013853742E-01
       1576   0.238521800000E+05   0.511555900000E+04   0.416633215913E+00   0.412599166789E+00  -0.578373941934E-01
       1577   0.239815200000E+05   0.461062800000E+04   0.443915286559E+00   0.436888013348E+00  -0.786742997019E-01
       1578   0.242458200000E+05   0.410181500000E+04   0.427409514754E+00  -0.381113648298E+00  -0.193471652659E+00
       1604   0.243083200000E+05   0.561757000000E+04   0.312329251829E+00  -0.310275884523E+00  -0.357552378201E-01
        138   0.506105300000E+05  -0.100647400000E+05   0.190484062210E+00  -0.190394434740E+00   0.584270281628E-02
