         343           8
       1976   0.334072800000E+05   0.929506800000E+04   0.186357773643E+00   0.184221913072E+00  -0.281337260473E-01
       1965   0.331549400000E+05   0.895907900000E+04   0.163440631047E+00  -0.162643134082E+00   0.161260910671E-01
       1977   0.335181000000E+05   0.897879200000E+04   0.177510702413E+00   0.176144112135E+00  -0.219841131599E-01
       1968   0.333028800000E+05   0.854211000000E+04   0.179952484559E+00  -0.177139200993E+00   0.316954282246E-01
       1978   0.336459000000E+05   0.869398400000E+04   0.170477867223E+00  -0.160656103288E+00   0.570291126477E-01
       1981   0.336288500000E+05   0.829157500000E+04   0.153522570525E+00  -0.267911966731E-01   0.151166833140E+00
       1985   0.335400900000E+05   0.101379100000E+05   0.175864530073E+00  -0.175156746141E+00  -0.157622085689E-01
       1972   0.332349200000E+05   0.989218400000E+04   0.112259544998E+00  -0.110682887871E+00  -0.187484339561E-01
       1984   0.335848900000E+05   0.987277700000E+04   0.124415299611E+00  -0.123581115715E+00  -0.143831365048E-01
       1973   0.332690200000E+05   0.101740600000E+05   0.158191488753E+00  -0.157929631883E+00  -0.909826837267E-02
       1986   0.334484000000E+05   0.104000000000E+05   0.232645359356E+00  -0.232645146285E+00   0.314864954533E-03
       1975   0.333232900000E+05   0.959421500000E+04   0.141810851655E+00   0.141773958291E+00   0.323456297851E-02
       1987   0.336673500000E+05   0.959191800000E+04   0.141827112147E+00   0.141756477668E+00  -0.447557586008E-02
       1988   0.337776300000E+05   0.929601100000E+04   0.185057579508E+00   0.183552315825E+00  -0.235553622064E-01
       1990   0.338936000000E+05   0.896899600000E+04   0.192585474367E+00   0.190785674977E+00  -0.262676828208E-01
       1989   0.339443300000E+05   0.855929000000E+04   0.161627158621E+00  -0.134148924331E+00   0.901521186929E-01
       1980   0.337287400000E+05   0.789060000000E+04   0.183430394250E+00   0.164674331404E-01   0.182689718321E+00
       1992   0.340428800000E+05   0.817356400000E+04   0.155059723176E+00  -0.341452595619E-01   0.151253492524E+00
       1991   0.342048500000E+05   0.782750700000E+04   0.180221575866E+00   0.410142883853E-01   0.175492576925E+00
       1982   0.342811700000E+05   0.736175100000E+04   0.267915241506E+00   0.154018834515E+00   0.219218555889E+00
       1993   0.345838100000E+05   0.768043100000E+04   0.196128580366E+00   0.987227824001E-01   0.169470446602E+00
       1983   0.345843700000E+05   0.713945200000E+04   0.301311446215E+00   0.201856738187E+00   0.223701687228E+00
       1994   0.348881700000E+05   0.746147200000E+04   0.224437271345E+00   0.158013759172E+00   0.159385509634E+00
       1996   0.338438300000E+05   0.101402100000E+05   0.196367482305E+00  -0.195850032209E+00  -0.142461570483E-01
       1995   0.339135200000E+05   0.987312100000E+04   0.132774939969E+00  -0.132070001637E+00  -0.136637971058E-01
       1997   0.337380800000E+05   0.104000000000E+05   0.258560547476E+00  -0.258560408416E+00   0.268162192233E-03
       1998   0.340125600000E+05   0.958579600000E+04   0.133561687657E+00   0.133468663160E+00  -0.498401085103E-02
       2000   0.341672300000E+05   0.924536200000E+04   0.176252402396E+00   0.175658832833E+00  -0.144528128093E-01
       2001   0.342408500000E+05   0.882539900000E+04   0.182666129579E+00   0.181804292364E+00  -0.177232664431E-01
       1999   0.342975500000E+05   0.845274900000E+04   0.141547448071E+00  -0.904424896319E-01   0.108884508194E+00
       2002   0.345321000000E+05   0.815652200000E+04   0.134156294641E+00  -0.341415992731E-01   0.129739209921E+00
       2003   0.348934400000E+05   0.796557000000E+04   0.128672343186E+00  -0.105935642809E+00  -0.730356863709E-01
       2004   0.351971400000E+05   0.775739400000E+04   0.148107861463E+00  -0.111307670537E+00  -0.977064025879E-01
       2006   0.341502000000E+05   0.101403400000E+05   0.212968354528E+00  -0.212479088772E+00  -0.144276423805E-01
       2005   0.342383100000E+05   0.987412200000E+04   0.141830724205E+00  -0.140070392368E+00  -0.222764339716E-01
       2007   0.340277700000E+05   0.104000000000E+05   0.277898164310E+00  -0.277898122356E+00   0.152701887382E-03
       2008   0.343474900000E+05   0.959096500000E+04   0.119353957215E+00   0.119310748949E+00   0.321127516581E-02
       2009   0.346102100000E+05   0.863278200000E+04   0.162816868182E+00   0.161842179507E+00   0.177888025776E-01
       2011   0.345419500000E+05   0.901512600000E+04   0.182203845301E+00   0.182016582006E+00  -0.825863895293E-02
       2010   0.345298600000E+05   0.932968200000E+04   0.153761487048E+00   0.153382530369E+00   0.107886179221E-01
       2012   0.348967500000E+05   0.841602000000E+04   0.132158962563E+00   0.130483880191E+00   0.209749468652E-01
       2013   0.352127500000E+05   0.822829300000E+04   0.130907563968E+00  -0.107906082169E+00  -0.741152328119E-01
       2014   0.355093600000E+05   0.802764500000E+04   0.152747970371E+00  -0.119331043242E+00  -0.953522132473E-01
       2015   0.345624200000E+05   0.987470300000E+04   0.157560398986E+00  -0.155469005662E+00  -0.255864731308E-01
       2016   0.344570900000E+05   0.101405200000E+05   0.227211725614E+00  -0.226698659410E+00  -0.152606054241E-01
       2017   0.343174500000E+05   0.104000000000E+05   0.296738679969E+00  -0.296738544983E+00  -0.283038767031E-03
       2018   0.346975000000E+05   0.960321200000E+04   0.104163343820E+00   0.103708555488E+00   0.972305067489E-02
       2019   0.349245000000E+05   0.884913900000E+04   0.174203444656E+00   0.174069344681E+00   0.683398654277E-02
       2021   0.348436800000E+05   0.914307500000E+04   0.166393789093E+00   0.165474844097E+00   0.174633622105E-01
       2020   0.348811200000E+05   0.935046000000E+04   0.139679903334E+00   0.138995874367E+00   0.138066036463E-01
       2022   0.352207600000E+05   0.866782400000E+04   0.163545572026E+00   0.161553832311E+00   0.254462845037E-01
       2023   0.355293400000E+05   0.846687000000E+04   0.131075999473E+00   0.120153225498E+00   0.523843491931E-01
       2024   0.358229700000E+05   0.827280700000E+04   0.147363167283E+00  -0.118998306073E+00  -0.869212645065E-01
       2025   0.348889400000E+05   0.987255800000E+04   0.171310028663E+00  -0.169428372845E+00  -0.253209872567E-01
       2026   0.347637200000E+05   0.101402100000E+05   0.243710810905E+00  -0.242772975566E+00  -0.213598147633E-01
       2027   0.346071300000E+05   0.104000000000E+05   0.318879173581E+00  -0.318878683178E+00  -0.559247890340E-03
       2028   0.350588400000E+05   0.956888200000E+04   0.101130078750E+00   0.100632951494E+00   0.100150837055E-01
       2029   0.352285100000E+05   0.914304200000E+04   0.171116379388E+00   0.169259037978E+00   0.251434555601E-01
       2030   0.355295900000E+05   0.887307700000E+04   0.176653321494E+00   0.168846435112E+00   0.519353188597E-01
       2031   0.358447000000E+05   0.868166300000E+04   0.163658534714E+00   0.149211770833E+00   0.672306732774E-01
       2032   0.361361400000E+05   0.849361000000E+04   0.138109383141E+00  -0.115738229592E+00  -0.753582372580E-01
       2033   0.352091600000E+05   0.987229900000E+04   0.182371711965E+00  -0.180515878970E+00  -0.259510840766E-01
       2034   0.350697500000E+05   0.101406000000E+05   0.266242672393E+00  -0.265352142778E+00  -0.217577785183E-01
       2035   0.348968100000E+05   0.104000000000E+05   0.340209385910E+00  -0.340208888609E+00  -0.581698479986E-03
       2036   0.353803800000E+05   0.955652900000E+04   0.102232125429E+00   0.999576736825E-01   0.214446016901E-01
       2037   0.355841100000E+05   0.926463000000E+04   0.155719555831E+00   0.149163855951E+00   0.447070927933E-01
       2038   0.358482400000E+05   0.904814200000E+04   0.176186993672E+00   0.163167616143E+00   0.664694349420E-01
       2039   0.361583300000E+05   0.886898700000E+04   0.171092854641E+00   0.150237348193E+00   0.818627150613E-01
       2040   0.364471200000E+05   0.869093300000E+04   0.161943112452E+00  -0.140356070026E+00  -0.807820851275E-01
       2042   0.353744700000E+05   0.101413600000E+05   0.288510583469E+00  -0.287796996512E+00  -0.202791906215E-01
       2041   0.355236800000E+05   0.987567400000E+04   0.196908013407E+00  -0.194355027791E+00  -0.316052039451E-01
       2043   0.351864900000E+05   0.104000000000E+05   0.360255438117E+00  -0.360255186366E+00  -0.425898216210E-03
       2044   0.357018900000E+05   0.961281400000E+04   0.112862965945E+00  -0.833158674912E-01   0.761348494854E-01
       2045   0.358968200000E+05   0.938464000000E+04   0.148052242604E+00   0.132986876955E+00   0.650688642732E-01
       2047   0.361586900000E+05   0.919667600000E+04   0.171694400554E+00   0.152567911793E+00   0.787527743813E-01
       2048   0.364776300000E+05   0.905022700000E+04   0.160968144681E+00   0.140764333239E+00   0.780778207280E-01
       2046   0.367542600000E+05   0.886578700000E+04   0.192393146914E+00  -0.170689983256E+00  -0.887696603326E-01
       2049   0.358379000000E+05   0.988939900000E+04   0.216194672901E+00  -0.214552945380E+00  -0.265926722891E-01
       2050   0.356766800000E+05   0.101426600000E+05   0.309039930243E+00  -0.308411009934E+00  -0.197060253717E-01
       2051   0.354761700000E+05   0.104000000000E+05   0.377803365906E+00  -0.377803141722E+00  -0.411576105468E-03
       2052   0.360236200000E+05   0.966140100000E+04   0.140334256114E+00  -0.104436023136E+00   0.937380419605E-01
       2053   0.361771300000E+05   0.947055700000E+04   0.150380226712E+00   0.126706611437E+00   0.809916489781E-01
       2055   0.370560000000E+05   0.901930800000E+04   0.213603971937E+00   0.193758704518E+00   0.899122975517E-01
       2054   0.367941400000E+05   0.909237000000E+04   0.186497169212E+00  -0.171383558866E+00  -0.735450193731E-01
       2056   0.364335600000E+05   0.937274400000E+04   0.162196545202E+00   0.134374005810E+00   0.908369189158E-01
       2057   0.367060500000E+05   0.931491200000E+04   0.182529201354E+00   0.182123438763E+00   0.121639796139E-01
       2059   0.359734100000E+05   0.101496700000E+05   0.330670828189E+00  -0.330279556946E+00  -0.160813829843E-01
       2058   0.361365200000E+05   0.990244200000E+04   0.235341024416E+00  -0.235138126115E+00  -0.977033369106E-02
       2060   0.357658500000E+05   0.104000000000E+05   0.393047892967E+00  -0.393046842012E+00  -0.908928113084E-03
       2061   0.363588400000E+05   0.966839500000E+04   0.171670082694E+00  -0.127165082940E+00   0.115324147397E+00
       2062   0.369858100000E+05   0.924942300000E+04   0.228005376095E+00   0.218524740531E+00   0.650645011066E-01
       2063   0.373508800000E+05   0.915274000000E+04   0.268238282795E+00   0.247086288413E+00   0.104403747227E+00
       2070   0.372911600000E+05   0.936061700000E+04   0.256657754438E+00   0.241651075952E+00   0.864752010972E-01
       2064   0.366418100000E+05   0.958211600000E+04   0.180957257673E+00  -0.135026614157E+00   0.120471335072E+00
       2065   0.369156300000E+05   0.947953900000E+04   0.198957575161E+00   0.198400986984E+00   0.148716198798E-01
       2067   0.362439600000E+05   0.101647700000E+05   0.348999491335E+00  -0.348901402886E+00  -0.827381510185E-02
       2066   0.363614500000E+05   0.993243600000E+04   0.255536130994E+00  -0.254127631301E+00   0.267929328890E-01
       2068   0.360555300000E+05   0.104000000000E+05   0.404202880564E+00  -0.404200222408E+00  -0.146589958235E-02
       2069   0.365886200000E+05   0.986272300000E+04   0.247761131814E+00  -0.229059431317E+00   0.944317497587E-01
       2074   0.372314400000E+05   0.956849300000E+04   0.213630101894E+00  -0.199460775207E+00   0.765063369208E-01
       2071   0.376375800000E+05   0.926741600000E+04   0.283719662304E+00   0.266636261366E+00   0.969636576386E-01
       2078   0.375863400000E+05   0.945618000000E+04   0.275363027817E+00  -0.268221389096E+00  -0.623063682151E-01
       2073   0.368454400000E+05   0.970965400000E+04   0.222960785878E+00  -0.178834132707E+00   0.133153539264E+00
       2081   0.371717200000E+05   0.977637000000E+04   0.244516187530E+00  -0.202130000241E+00   0.137592256202E+00
       2075   0.364888100000E+05   0.101501800000E+05   0.352445578579E+00  -0.352445577012E+00  -0.332302464823E-04
       2076   0.363452100000E+05   0.104000000000E+05   0.408208514713E+00  -0.408208290855E+00  -0.427506070140E-03
       2077   0.367050800000E+05   0.101698800000E+05   0.355289713099E+00  -0.354725522719E+00   0.200145888092E-01
       2072   0.367752600000E+05   0.993976900000E+04   0.265980969902E+00  -0.258531697527E+00   0.625079012915E-01
       2082   0.375351000000E+05   0.964494400000E+04   0.235849670655E+00  -0.228574869454E+00   0.581256931341E-01
       2079   0.379149000000E+05   0.936473700000E+04   0.286432147238E+00  -0.272329780090E+00  -0.887686084569E-01
       2085   0.378705500000E+05   0.953728100000E+04   0.291695778963E+00  -0.283497214472E+00  -0.686713684960E-01
       2080   0.371120000000E+05   0.998424700000E+04   0.264105683770E+00  -0.248934020476E+00   0.882250851486E-01
       2084   0.370522800000E+05   0.101921200000E+05   0.340686535447E+00  -0.339996571513E+00   0.216713357750E-01
       2088   0.374838600000E+05   0.983370800000E+04   0.243754926573E+00  -0.204812123001E+00   0.132168296124E+00
       2083   0.366348900000E+05   0.104000000000E+05   0.406676459581E+00  -0.406676187345E+00  -0.470557012331E-03
       2091   0.369925600000E+05   0.104000000000E+05   0.394284168836E+00  -0.394283655337E+00  -0.636340134952E-03
       2089   0.378262000000E+05   0.970982500000E+04   0.259058083679E+00  -0.259056469146E+00  -0.914610919793E-03
       2086   0.381817800000E+05   0.944615300000E+04   0.270585197394E+00  -0.259573965206E+00  -0.764048796600E-01
       2092   0.381430800000E+05   0.960512700000E+04   0.275966440494E+00  -0.268736733912E+00  -0.627538375353E-01
       2087   0.374326200000E+05   0.100224700000E+05   0.247844031715E+00  -0.219222967633E+00   0.115619870780E+00
       2090   0.373813800000E+05   0.102112400000E+05   0.325991864774E+00  -0.325127914347E+00   0.237178247695E-01
       2095   0.377818400000E+05   0.988236800000E+04   0.225196035391E+00  -0.171518947664E+00   0.145926368242E+00
       2098   0.373301500000E+05   0.104000000000E+05   0.396358784315E+00  -0.396356531049E+00   0.133648739502E-02
       2096   0.381043700000E+05   0.976410200000E+04   0.260380198149E+00   0.258851641754E+00   0.281722407530E-01
       2093   0.384373000000E+05   0.951313900000E+04   0.291827269026E+00  -0.285914220268E+00  -0.584483840306E-01
       2099   0.384033200000E+05   0.966094900000E+04   0.275675962049E+00   0.271010364808E+00   0.505036455959E-01
       2094   0.377374900000E+05   0.100549100000E+05   0.238090161714E+00  -0.229236449377E+00  -0.643239876082E-01
       2097   0.376931400000E+05   0.102274600000E+05   0.354538893449E+00  -0.353648950234E+00  -0.251047199996E-01
       2102   0.380656700000E+05   0.992307600000E+04   0.213561064894E+00   0.211739392864E+00  -0.278344740943E-01
       2105   0.376487900000E+05   0.104000000000E+05   0.437414220594E+00  -0.437392995523E+00   0.430904221843E-02
       2103   0.383693400000E+05   0.980875900000E+04   0.261826423595E+00   0.258758819566E+00   0.399618491687E-01
       2100   0.386806300000E+05   0.956717600000E+04   0.297472146177E+00   0.293316322728E+00   0.495501016418E-01
       2106   0.386507600000E+05   0.970598000000E+04   0.280339921419E+00   0.276515639746E+00   0.461472915423E-01
       2101   0.380269600000E+05   0.100820500000E+05   0.269920358059E+00  -0.269893613483E+00  -0.379961783381E-02
       2104   0.379882500000E+05   0.102410300000E+05   0.381686458588E+00  -0.381327934523E+00  -0.165396197691E-01
       2109   0.383353600000E+05   0.995656900000E+04   0.218308122404E+00   0.180762430002E+00  -0.122406618316E+00
       2112   0.379495500000E+05   0.104000000000E+05   0.461981331109E+00  -0.461925404514E+00   0.718825139165E-02
       2110   0.386208800000E+05   0.984478400000E+04   0.252622535708E+00   0.249175868722E+00   0.415876423259E-01
       2107   0.389111200000E+05   0.960973000000E+04   0.335533360763E+00   0.332268820188E+00   0.466911909886E-01
       2113   0.388849800000E+05   0.974144100000E+04   0.299240322280E+00   0.297528068629E+00   0.319659014644E-01
       2108   0.383013800000E+05   0.101043800000E+05   0.295874570562E+00  -0.295401002052E+00   0.167334841581E-01
       2111   0.382674000000E+05   0.102521900000E+05   0.392670352567E+00  -0.392651970553E+00  -0.379944812667E-02
       2116   0.385910000000E+05   0.998358800000E+04   0.219080697773E+00  -0.218663980958E+00   0.135061307692E-01
       2119   0.382334200000E+05   0.104000000000E+05   0.468220170845E+00  -0.468166634828E+00   0.708028391257E-02
       2117   0.388588400000E+05   0.987315300000E+04   0.248158836518E+00   0.248026765694E+00   0.809516158461E-02
       2114   0.391282100000E+05   0.964223300000E+04   0.354607042238E+00   0.352448017961E+00   0.390710767724E-01
       2120   0.391056700000E+05   0.976852700000E+04   0.312624577056E+00   0.311832645914E+00   0.222379657631E-01
       2115   0.385611200000E+05   0.101223900000E+05   0.312077653098E+00  -0.311749822038E+00   0.143007000752E-01
       2118   0.385312500000E+05   0.102612000000E+05   0.378010883159E+00  -0.377931350399E+00   0.775384886666E-02
       2123   0.388327000000E+05   0.100048600000E+05   0.242303740802E+00  -0.238246815718E+00   0.441537949308E-01
       2126   0.385013700000E+05   0.104000000000E+05   0.436285397018E+00  -0.436193989554E+00   0.893034868312E-02
       2124   0.390831400000E+05   0.989482200000E+04   0.263221567259E+00   0.263202823912E+00  -0.314117096403E-02
       2121   0.393314400000E+05   0.966606900000E+04   0.376911643732E+00   0.375630826376E+00   0.310462470728E-01
       2127   0.393125800000E+05   0.978839000000E+04   0.330233126888E+00   0.329856319589E+00   0.157710659537E-01
       2122   0.388065600000E+05   0.101365800000E+05   0.312853936735E+00  -0.312492222170E+00   0.150398408941E-01
       2125   0.387804200000E+05   0.102682900000E+05   0.353242738980E+00  -0.352890411723E+00   0.157730769378E-01
       2130   0.390606000000E+05   0.100211200000E+05   0.256845824649E+00  -0.251100975397E+00   0.540192354125E-01
       2133   0.387542800000E+05   0.104000000000E+05   0.393343159988E+00  -0.393267446369E+00   0.771732700140E-02
       2131   0.392937300000E+05   0.991071200000E+04   0.274329245476E+00   0.274152477410E+00  -0.984652493354E-02
       2128   0.395204700000E+05   0.968255800000E+04   0.389309900475E+00   0.388835302979E+00   0.192173298065E-01
       2134   0.395055500000E+05   0.980213200000E+04   0.340035566975E+00   0.339993491183E+00   0.534908974373E-02
       2129   0.390380600000E+05   0.101474100000E+05   0.294060803180E+00  -0.293299520268E+00   0.211458595815E-01
       2132   0.390155200000E+05   0.102737100000E+05   0.320959729444E+00  -0.320638808375E+00   0.143493027359E-01
       2137   0.392748700000E+05   0.100330300000E+05   0.259174480628E+00  -0.253825705247E+00   0.523824661932E-01
       2140   0.389929900000E+05   0.104000000000E+05   0.331834393892E+00  -0.331593236169E+00   0.126487428991E-01
       2138   0.394906300000E+05   0.992170500000E+04   0.283169642242E+00   0.282493549177E+00  -0.195560977898E-01
       2135   0.396950200000E+05   0.969294900000E+04   0.413529378031E+00   0.413384029614E+00   0.109631452954E-01
       2141   0.396844700000E+05   0.981079100000E+04   0.354595107936E+00   0.354594886476E+00  -0.396304481155E-03
       2136   0.392560100000E+05   0.101553600000E+05   0.268315853396E+00  -0.265824241443E+00   0.364810888688E-01
       2139   0.392371600000E+05   0.102776800000E+05   0.288129419204E+00  -0.287568237508E+00   0.179741755704E-01
       2144   0.394757200000E+05   0.100412800000E+05   0.244884954807E+00  -0.239986732823E+00   0.487340657002E-01
       2147   0.392183000000E+05   0.104000000000E+05   0.300001790472E+00  -0.299918302130E+00   0.707716990684E-02
       2145   0.396739100000E+05   0.992863300000E+04   0.287745143621E+00   0.286905222506E+00  -0.219695465617E-01
       2142   0.398549100000E+05   0.969840500000E+04   0.385579891112E+00   0.385540193437E+00   0.553278182341E-02
       2148   0.398492900000E+05   0.981533700000E+04   0.343248958998E+00   0.343246657994E+00   0.125683284597E-02
       2143   0.394608000000E+05   0.101608500000E+05   0.241143042573E+00   0.241130625742E+00   0.244710253040E-02
       2146   0.394458900000E+05   0.102804300000E+05   0.284640728250E+00   0.284557439665E+00   0.688532569444E-02
       2151   0.396633600000E+05   0.100464700000E+05   0.233775476598E+00   0.231400732144E+00  -0.332366457649E-01
       2154   0.394309700000E+05   0.104000000000E+05   0.289793612397E+00   0.289773333424E+00  -0.342826812087E-02
       2152   0.398436600000E+05   0.993227000000E+04   0.279799112158E+00   0.279292425162E+00  -0.168310549871E-01
       2149   0.400000000000E+05   0.970000000000E+04   0.340907408670E+00   0.340630252674E+00   0.137438076802E-01
       2155   0.400000000000E+05   0.981666700000E+04   0.305494103768E+00   0.301921779517E+00   0.465820404256E-01
       2150   0.396528100000E+05   0.101643200000E+05   0.256035219855E+00   0.256034668109E+00   0.531537841599E-03
       2153   0.396422600000E+05   0.102821600000E+05   0.299746992303E+00   0.299651087461E+00   0.758189804998E-02
       2158   0.398380400000E+05   0.100492000000E+05   0.217328073819E+00   0.214660261000E+00  -0.339479604324E-01
       2161   0.396317000000E+05   0.104000000000E+05   0.308008653325E+00   0.307991934820E+00  -0.320914458434E-02
       2159   0.400000000000E+05   0.993333300000E+04   0.264806110045E+00   0.249710524113E+00   0.881301881577E-01
       2156   0.401684200000E+05   0.970578900000E+04   0.219975886650E+00   0.219940848880E+00  -0.392602870114E-02
       2162   0.401684200000E+05   0.984463200000E+04   0.197139707369E+00  -0.197138125954E+00   0.789630842588E-03
       2157   0.398324100000E+05   0.101661300000E+05   0.257252825187E+00   0.257174422700E+00  -0.635077756239E-02
       2160   0.398267900000E+05   0.102830700000E+05   0.301351492192E+00   0.301339152257E+00   0.272711635413E-02
       2165   0.400000000000E+05   0.100500000000E+05   0.222554273954E+00   0.200198033819E+00   0.972170361113E-01
       2168   0.398211700000E+05   0.104000000000E+05   0.317059231949E+00   0.317030227057E+00  -0.428855411012E-02
       2166   0.401684200000E+05   0.998347400000E+04   0.198497707156E+00  -0.198496844174E+00   0.585319733038E-03
       2163   0.403368400000E+05   0.971157900000E+04   0.227943509423E+00  -0.227368059490E+00  -0.161866924298E-01
       2169   0.403368400000E+05   0.984926300000E+04   0.194624276477E+00   0.194575340218E+00   0.436416923903E-02
       2164   0.400000000000E+05   0.101666700000E+05   0.249064933071E+00   0.238971622603E+00  -0.701847880678E-01
       2167   0.400000000000E+05   0.102833300000E+05   0.287520050942E+00   0.286448767943E+00  -0.247968352322E-01
       2171   0.401684200000E+05   0.101223200000E+05   0.198510453697E+00  -0.198510450477E+00  -0.357518713833E-04
       2174   0.400000000000E+05   0.104000000000E+05   0.310151136836E+00   0.309977543693E+00  -0.103754559862E-01
       2172   0.403368400000E+05   0.998694700000E+04   0.196536044161E+00  -0.195871721068E+00  -0.161457592053E-01
       2170   0.405052600000E+05   0.971736800000E+04   0.484951382278E+00  -0.484832215600E+00   0.107501576700E-01
       2175   0.405052600000E+05   0.985389500000E+04   0.325549009220E+00  -0.315840341803E+00   0.789115700902E-01
       2173   0.401684200000E+05   0.102611600000E+05   0.197540835278E+00   0.197501298027E+00  -0.395207287515E-02
       2178   0.403368400000E+05   0.101246300000E+05   0.202164402085E+00  -0.201266102763E+00  -0.190368418895E-01
       2180   0.401684200000E+05   0.104000000000E+05   0.208060930139E+00   0.208058216253E+00  -0.106268521759E-02
       2177   0.405052600000E+05   0.999042100000E+04   0.233747146767E+00  -0.202657523064E+00   0.116480285744E+00
       2176   0.406736800000E+05   0.972315800000E+04   0.498518260345E+00  -0.498029497987E+00  -0.220697764589E-01
       2181   0.406736800000E+05   0.985852600000E+04   0.372749721478E+00  -0.372463407522E+00  -0.146070161088E-01
       2179   0.403368400000E+05   0.102623200000E+05   0.204993031559E+00  -0.204790759461E+00  -0.910427521240E-02
       2184   0.405052600000E+05   0.101269500000E+05   0.238875986200E+00  -0.216577189646E+00  -0.100777267814E+00
       2186   0.403368400000E+05   0.104000000000E+05   0.230899947857E+00  -0.230884430164E+00   0.267690647438E-02
       2183   0.406736800000E+05   0.999389500000E+04   0.233669783846E+00  -0.233598640941E+00  -0.576565979110E-02
       2182   0.408421100000E+05   0.972894700000E+04   0.537557146860E+00  -0.536845324427E+00  -0.276547243926E-01
       2187   0.408421100000E+05   0.986315800000E+04   0.399121604567E+00  -0.398499548462E+00  -0.222747639204E-01
       2190   0.406736800000E+05   0.101292600000E+05   0.214268345361E+00  -0.214214867261E+00   0.478690591206E-02
       2185   0.405052600000E+05   0.102634700000E+05   0.304889098769E+00  -0.299946409364E+00  -0.546764488455E-01
       2192   0.405052600000E+05   0.104000000000E+05   0.376258662313E+00  -0.375954071768E+00  -0.151366075056E-01
       2189   0.408421100000E+05   0.999736800000E+04   0.258049160168E+00  -0.257127852175E+00  -0.217861584325E-01
       2188   0.410105300000E+05   0.973473700000E+04   0.521856760181E+00  -0.521145813532E+00  -0.272308498693E-01
       2193   0.410105300000E+05   0.986778900000E+04   0.396480224311E+00  -0.395745442646E+00  -0.241270158630E-01
       2196   0.408421100000E+05   0.101315800000E+05   0.202535621405E+00  -0.202371158211E+00   0.816040820465E-02
       2191   0.406736800000E+05   0.102646300000E+05   0.321721116341E+00  -0.321716232489E+00  -0.177269643266E-02
       2198   0.406736800000E+05   0.104000000000E+05   0.400578528014E+00  -0.400542680753E+00  -0.535891790420E-02
       2195   0.410105300000E+05   0.100008400000E+05   0.264935669537E+00  -0.263762215831E+00  -0.249078801390E-01
       2194   0.411789500000E+05   0.974052600000E+04   0.507550492166E+00  -0.506787992745E+00  -0.278106545616E-01
       2199   0.411789500000E+05   0.987242100000E+04   0.394584579919E+00  -0.393892478321E+00  -0.233603559953E-01
       2202   0.410105300000E+05   0.101338900000E+05   0.228617731567E+00   0.221383272541E+00   0.570571102148E-01
       2197   0.408421100000E+05   0.102657900000E+05   0.313146043615E+00  -0.313146028503E+00  -0.972836507932E-04
       2204   0.408421100000E+05   0.104000000000E+05   0.396496907247E+00  -0.396440876115E+00  -0.666552338395E-02
       2201   0.411789500000E+05   0.100043200000E+05   0.268507485387E+00  -0.267342341249E+00  -0.249868422253E-01
       2200   0.413473700000E+05   0.974631600000E+04   0.478504365330E+00  -0.478047998136E+00  -0.208935185656E-01
       2205   0.413473700000E+05   0.987705300000E+04   0.384413728876E+00  -0.383715724175E+00  -0.231550851633E-01
       2208   0.411789500000E+05   0.101362100000E+05   0.243262479771E+00   0.236613448014E+00   0.564863725442E-01
       2203   0.410105300000E+05   0.102669500000E+05   0.292652113085E+00  -0.292645426437E+00   0.197830190700E-02
       2210   0.410105300000E+05   0.104000000000E+05   0.376290483545E+00  -0.376234605437E+00  -0.648457232699E-02
       2207   0.413473700000E+05   0.100077900000E+05   0.266750894157E+00  -0.265695084782E+00  -0.237099442502E-01
       2206   0.415157900000E+05   0.975210500000E+04   0.463824306257E+00  -0.463046995871E+00  -0.268415105713E-01
       2211   0.415157900000E+05   0.988168400000E+04   0.370152136162E+00  -0.369403476969E+00  -0.235303019234E-01
       2214   0.413473700000E+05   0.101385300000E+05   0.252700172136E+00   0.245544256515E+00   0.597109293998E-01
       2209   0.411789500000E+05   0.102681100000E+05   0.278090801534E+00   0.277215385766E+00   0.220482151819E-01
       2216   0.411789500000E+05   0.104000000000E+05   0.357451118124E+00  -0.357409752037E+00  -0.543792210234E-02
       2213   0.415157900000E+05   0.100112600000E+05   0.263131604206E+00  -0.262284452948E+00  -0.210975561164E-01
       2212   0.416842100000E+05   0.975789500000E+04   0.440827277668E+00  -0.439944753815E+00  -0.278801421605E-01
       2217   0.416842100000E+05   0.988631600000E+04   0.349216550731E+00  -0.348449164233E+00  -0.231382637616E-01
       2220   0.415157900000E+05   0.101408400000E+05   0.263693930815E+00   0.255772754861E+00   0.641466056753E-01
       2215   0.413473700000E+05   0.102692600000E+05   0.297068172812E+00   0.296577586439E+00   0.170655946256E-01
       2222   0.413473700000E+05   0.104000000000E+05   0.333797813040E+00  -0.333719096690E+00  -0.724875812189E-02
       2219   0.416842100000E+05   0.100147400000E+05   0.258108033648E+00  -0.257431461719E+00  -0.186761760184E-01
       2218   0.418526300000E+05   0.976368400000E+04   0.417535681806E+00  -0.416823974413E+00  -0.243684208654E-01
       2223   0.418526300000E+05   0.989094700000E+04   0.331012143777E+00  -0.330216650826E+00  -0.229347519073E-01
       2226   0.416842100000E+05   0.101431600000E+05   0.268182791024E+00   0.260326117992E+00   0.644385109420E-01
       2221   0.415157900000E+05   0.102704200000E+05   0.304190498505E+00   0.303858361304E+00   0.142111099707E-01
       2228   0.415157900000E+05   0.104000000000E+05   0.325295752522E+00   0.325295664319E+00  -0.239549904363E-03
       2225   0.418526300000E+05   0.100182100000E+05   0.252002534958E+00  -0.251591181200E+00  -0.143928860113E-01
       2224   0.420210500000E+05   0.976947400000E+04   0.390640191257E+00  -0.390353716106E+00  -0.149577855028E-01
       2229   0.420210500000E+05   0.989557900000E+04   0.311394828933E+00  -0.310692858816E+00  -0.208970564193E-01
       2232   0.418526300000E+05   0.101454700000E+05   0.268996671182E+00   0.261578471444E+00   0.627368502887E-01
       2227   0.416842100000E+05   0.102715800000E+05   0.306283227175E+00   0.305964722545E+00   0.139643763441E-01
       2234   0.416842100000E+05   0.104000000000E+05   0.329856536064E+00   0.329795691519E+00   0.633531684399E-02
       2231   0.420210500000E+05   0.100216800000E+05   0.246767214950E+00  -0.246464533542E+00  -0.122185138288E-01
       2230   0.421894700000E+05   0.977526300000E+04   0.370914011612E+00  -0.370528059517E+00  -0.169162974842E-01
       2235   0.421894700000E+05   0.990021100000E+04   0.297353098462E+00  -0.297154930983E+00  -0.108541309015E-01
       2238   0.420210500000E+05   0.101477900000E+05   0.266055488631E+00   0.256720439415E+00   0.698579917927E-01
       2233   0.418526300000E+05   0.102727400000E+05   0.310426306485E+00   0.310242285139E+00   0.106872012222E-01
       2240   0.418526300000E+05   0.104000000000E+05   0.349252758101E+00   0.349251344047E+00   0.993842148964E-03
       2237   0.421894700000E+05   0.100251600000E+05   0.241696740085E+00  -0.241465856364E+00  -0.105619306021E-01
       2236   0.423578900000E+05   0.978105300000E+04   0.370122471333E+00  -0.369727802224E+00  -0.170878918693E-01
       2241   0.423578900000E+05   0.990484200000E+04   0.289058145297E+00  -0.288917793888E+00  -0.900664960035E-02
       2244   0.421894700000E+05   0.101501100000E+05   0.261400006174E+00   0.256238960851E+00   0.516871180261E-01
       2239   0.420210500000E+05   0.102738900000E+05   0.311134852485E+00   0.310910094073E+00   0.118241208895E-01
       2246   0.420210500000E+05   0.104000000000E+05   0.371402259448E+00   0.371385693474E+00   0.350784918467E-02
       2243   0.423578900000E+05   0.100286300000E+05   0.235697986914E+00  -0.235530209910E+00  -0.889163961049E-02
       2242   0.425263200000E+05   0.978684200000E+04   0.350945184181E+00  -0.350359544004E+00  -0.202660362384E-01
       2247   0.425263200000E+05   0.990947400000E+04   0.283892202926E+00  -0.283840171179E+00  -0.543508116368E-02
       2250   0.423578900000E+05   0.101524200000E+05   0.249258062948E+00   0.246559210434E+00   0.365805644390E-01
       2245   0.421894700000E+05   0.102750500000E+05   0.316106814819E+00   0.315724555814E+00   0.155410176970E-01
       2252   0.421894700000E+05   0.104000000000E+05   0.400918842441E+00   0.400802446067E+00   0.966009582773E-02
       2249   0.425263200000E+05   0.100321100000E+05   0.229062700859E+00  -0.228984629902E+00  -0.597998270886E-02
       2248   0.426947400000E+05   0.979263200000E+04   0.339441555825E+00  -0.339199060968E+00  -0.128283615345E-01
       2253   0.426947400000E+05   0.991410500000E+04   0.284600253016E+00  -0.284586573433E+00  -0.279038322441E-02
       2256   0.425263200000E+05   0.101547400000E+05   0.241031270481E+00   0.231764004731E+00   0.661930469227E-01
       2251   0.423578900000E+05   0.102762100000E+05   0.324409242314E+00   0.323925394928E+00   0.177114375284E-01
       2258   0.423578900000E+05   0.104000000000E+05   0.419318537706E+00   0.419213008038E+00   0.940691000276E-02
       2255   0.426947400000E+05   0.100355800000E+05   0.223241901374E+00  -0.223229608608E+00  -0.234272693831E-02
       2254   0.428631600000E+05   0.979842100000E+04   0.348666915912E+00  -0.348487222860E+00  -0.111925758902E-01
       2259   0.428631600000E+05   0.991873700000E+04   0.292608934888E+00  -0.292603885549E+00  -0.171899324434E-02
       2262   0.426947400000E+05   0.101570500000E+05   0.242485342647E+00   0.240829562921E+00   0.282889204744E-01
       2257   0.425263200000E+05   0.102773700000E+05   0.337179570773E+00   0.336263073807E+00   0.248436740619E-01
       2264   0.425263200000E+05   0.104000000000E+05   0.437809470455E+00   0.437725843327E+00   0.855678116345E-02
       2261   0.428631600000E+05   0.100390500000E+05   0.220498363993E+00  -0.220490150667E+00   0.190315060437E-02
       2260   0.430315800000E+05   0.980421100000E+04   0.356622290586E+00  -0.356427273351E+00  -0.117922412755E-01
       2265   0.430315800000E+05   0.992336800000E+04   0.307720658258E+00  -0.307678695144E+00  -0.508173920545E-02
       2268   0.428631600000E+05   0.101593700000E+05   0.244655236044E+00   0.242510593998E+00   0.323233092738E-01
       2263   0.426947400000E+05   0.102785300000E+05   0.341724527792E+00   0.341406243930E+00   0.147454908513E-01
       2270   0.426947400000E+05   0.104000000000E+05   0.440488017264E+00   0.440415037063E+00   0.801800985322E-02
       2267   0.430315800000E+05   0.100425300000E+05   0.223820258014E+00  -0.223716480191E+00   0.681501201526E-02
       2266   0.432000000000E+05   0.981000000000E+04   0.359051271244E+00  -0.358847503028E+00  -0.120948316386E-01
       2271   0.432000000000E+05   0.992800000000E+04   0.321201282143E+00  -0.321071250333E+00  -0.913870118390E-02
       2274   0.430315800000E+05   0.101616800000E+05   0.244892744494E+00   0.242376086511E+00   0.350184093478E-01
       2269   0.428631600000E+05   0.102796800000E+05   0.340666981657E+00   0.340344105529E+00   0.148284261754E-01
       2276   0.428631600000E+05   0.104000000000E+05   0.431464823899E+00   0.431402309553E+00   0.734449278575E-02
       2273   0.432000000000E+05   0.100460000000E+05   0.236659846273E+00  -0.236656715848E+00  -0.121724362575E-02
       2272   0.433684200000E+05   0.981578900000E+04   0.354804385047E+00  -0.354587323809E+00  -0.124089259326E-01
       2277   0.433684200000E+05   0.993263200000E+04   0.327290831340E+00  -0.326987059714E+00  -0.140979097272E-01
       2280   0.432000000000E+05   0.101640000000E+05   0.244484154734E+00   0.241601805469E+00   0.374308630706E-01
       2275   0.430315800000E+05   0.102808400000E+05   0.335610436848E+00   0.335284692658E+00   0.147831049213E-01
       2282   0.430315800000E+05   0.104000000000E+05   0.425568971627E+00   0.425409452307E+00   0.116510728910E-01
       2279   0.433684200000E+05   0.100494700000E+05   0.251109050444E+00  -0.250302887926E+00  -0.201052110347E-01
       2278   0.435368400000E+05   0.982157900000E+04   0.341536369305E+00  -0.341334765874E+00  -0.117332503504E-01
       2283   0.435368400000E+05   0.993726300000E+04   0.324288346594E+00  -0.323652333285E+00  -0.203002191179E-01
       2286   0.433684200000E+05   0.101663200000E+05   0.238235675460E+00   0.235453639338E+00   0.363018013950E-01
       2281   0.432000000000E+05   0.102820000000E+05   0.335640361587E+00   0.335236845010E+00   0.164532694064E-01
       2288   0.432000000000E+05   0.104000000000E+05   0.426456458310E+00   0.426381765670E+00   0.798127421708E-02
       2285   0.435368400000E+05   0.100529500000E+05   0.259139657091E+00  -0.255204806008E+00  -0.449874301085E-01
       2284   0.437052600000E+05   0.982736800000E+04   0.310557721747E+00  -0.310363839033E+00  -0.109720534628E-01
       2289   0.437052600000E+05   0.994189500000E+04   0.309673872741E+00  -0.308548595412E+00  -0.263755896113E-01
       2292   0.435368400000E+05   0.101686300000E+05   0.224578520335E+00   0.221869151725E+00   0.347791792410E-01
       2287   0.433684200000E+05   0.102831600000E+05   0.333285905555E+00   0.332905533681E+00   0.159185579036E-01
       2294   0.433684200000E+05   0.104000000000E+05   0.418887740880E+00   0.418824740029E+00   0.726475050439E-02
       2291   0.437052600000E+05   0.100564200000E+05   0.259869389473E+00  -0.254257902684E+00  -0.537123682975E-01
       2290   0.438736800000E+05   0.983315800000E+04   0.293543793234E+00  -0.293338553792E+00  -0.109750355566E-01
       2295   0.438736800000E+05   0.994652600000E+04   0.276543053747E+00  -0.274578729682E+00  -0.329026105600E-01
       2298   0.437052600000E+05   0.101709500000E+05   0.228123282664E+00  -0.208277961636E+00  -0.930619298638E-01
       2293   0.435368400000E+05   0.102843200000E+05   0.325771150284E+00   0.325536651178E+00   0.123584423338E-01
       2300   0.435368400000E+05   0.104000000000E+05   0.406805528093E+00   0.406792013313E+00   0.331596019378E-02
       2297   0.438736800000E+05   0.100598900000E+05   0.253004720457E+00  -0.241384811462E+00  -0.757942040618E-01
       2296   0.440421100000E+05   0.983894700000E+04   0.290341034178E+00  -0.290122308657E+00  -0.112677480898E-01
       2301   0.440421100000E+05   0.995115800000E+04   0.244475163967E+00  -0.242046186217E+00  -0.343765840967E-01
       2304   0.438736800000E+05   0.101732600000E+05   0.239394600001E+00  -0.223518900582E+00  -0.857267495732E-01
       2299   0.437052600000E+05   0.102854700000E+05   0.315549963595E+00   0.315511899411E+00   0.490110746060E-02
       2306   0.437052600000E+05   0.104000000000E+05   0.398103412636E+00   0.398077273982E+00   0.456191754750E-02
       2303   0.440421100000E+05   0.100633700000E+05   0.229117908471E+00  -0.212276655956E+00  -0.862185439346E-01
       2302   0.442105300000E+05   0.984473700000E+04   0.282623652167E+00  -0.282441711481E+00  -0.101394467052E-01
       2307   0.442105300000E+05   0.995578900000E+04   0.237772345049E+00  -0.237633645320E+00  -0.812026366619E-02
       2310   0.440421100000E+05   0.101755800000E+05   0.240678720344E+00  -0.227598582093E+00  -0.782632216033E-01
       2305   0.438736800000E+05   0.102866300000E+05   0.294624531687E+00   0.294617089770E+00   0.209405998477E-02
       2312   0.438736800000E+05   0.104000000000E+05   0.380599084953E+00   0.380512116271E+00   0.813589811538E-02
       2309   0.442105300000E+05   0.100668400000E+05   0.197237619986E+00  -0.180691244362E+00  -0.790781445699E-01
       2308   0.443789500000E+05   0.985052600000E+04   0.280021167560E+00   0.279696802662E+00   0.134741553419E-01
       2313   0.443789500000E+05   0.996042100000E+04   0.239191099705E+00  -0.238737350961E+00  -0.147261479810E-01
       2316   0.442105300000E+05   0.101778900000E+05   0.230651835155E+00  -0.224965411778E+00  -0.509002216469E-01
       2311   0.440421100000E+05   0.102877900000E+05   0.284905659111E+00   0.284591683758E+00   0.133719156874E-01
