         332           8
        469   0.000000000000E+00  -0.910000000000E+04   0.101755383498E+01  -0.962273106544E+00  -0.330826654756E+00
        462   0.000000000000E+00  -0.104000000000E+05   0.858239621460E+00  -0.852622418763E+00  -0.980319277946E-01
        470   0.111465500000E+04  -0.101737300000E+05   0.722943993007E+00  -0.682355409046E+00  -0.238828626365E+00
        478   0.000000000000E+00  -0.780000000000E+04   0.107718349301E+01  -0.966341493815E+00  -0.475928980997E+00
        480   0.958683800000E+03  -0.810431000000E+04   0.100650925970E+01  -0.869574737140E+00  -0.506853693276E+00
        479   0.123652700000E+04  -0.905064300000E+04   0.873633064514E+00  -0.769467133880E+00  -0.413708908885E+00
        481   0.209961100000E+04  -0.962939100000E+04   0.722585614758E+00  -0.591343394736E+00  -0.415262519567E+00
        477   0.000000000000E+00  -0.650000000000E+04   0.100268735553E+01  -0.811987063958E+00  -0.588267745940E+00
        492   0.109986900000E+04  -0.560217700000E+04   0.897617811213E+00  -0.577261423264E+00  -0.687376886590E+00
        488   0.000000000000E+00  -0.520000000000E+04   0.883599135781E+00  -0.580731846339E+00  -0.665956421548E+00
        496   0.131452300000E+04  -0.697002700000E+04   0.100889655529E+01  -0.790239323670E+00  -0.627211344440E+00
        497   0.202172200000E+04  -0.827523000000E+04   0.936951981632E+00  -0.753111225025E+00  -0.557406941674E+00
        498   0.297227200000E+04  -0.894252900000E+04   0.804460106155E+00  -0.612481233524E+00  -0.521558051396E+00
        506   0.108895600000E+04  -0.436756700000E+04   0.807759955437E+00  -0.330980092564E+00  -0.736836700995E+00
        491   0.000000000000E+00  -0.390000000000E+04   0.812552978867E+00  -0.323005095877E+00  -0.745593757688E+00
        508   0.109239800000E+04  -0.189627000000E+04   0.856410750222E+00   0.178483017401E+00  -0.837605626531E+00
        489   0.000000000000E+00  -0.130000000000E+04   0.917484334325E+00   0.211369603229E+00  -0.892804790849E+00
        490   0.000000000000E+00  -0.260000000000E+04   0.828649959406E+00  -0.555725904981E-01  -0.826784398987E+00
        507   0.109648300000E+04  -0.659014200000E+03   0.104012632523E+01   0.819001592788E+00  -0.641170151709E+00
        495   0.000000000000E+00   0.000000000000E+00   0.113003481578E+01   0.920964539983E+00  -0.654830513162E+00
        509   0.109294800000E+04  -0.313019500000E+04   0.790697414614E+00  -0.735336848582E-01  -0.787270727684E+00
        511   0.214274800000E+04  -0.478919200000E+04   0.791305024444E+00  -0.333201984340E+00  -0.717732595988E+00
        510   0.218845600000E+04  -0.607992800000E+04   0.902702469071E+00  -0.587380384667E+00  -0.685460452087E+00
        494   0.000000000000E+00   0.910000000000E+04   0.928889783048E+00  -0.814290507083E+00   0.446953240423E+00
        512   0.111465500000E+04   0.101737300000E+05   0.738679866021E+00  -0.703352382921E+00   0.225706379847E+00
        493   0.000000000000E+00   0.104000000000E+05   0.100760334361E+01  -0.990472982774E+00   0.185007482138E+00
        514   0.960059900000E+03   0.809878700000E+04   0.774873642332E+00  -0.625665636884E+00   0.457134195181E+00
        513   0.124084200000E+04   0.904826900000E+04   0.698622903080E+00  -0.595045222348E+00   0.366053471596E+00
        515   0.000000000000E+00   0.780000000000E+04   0.843973418852E+00  -0.681151744665E+00   0.498320612124E+00
        522   0.109784800000E+04   0.584081200000E+03   0.116197186216E+01   0.981148354399E+00  -0.622516276984E+00
        520   0.000000000000E+00   0.130000000000E+04   0.123350487993E+01   0.106942258540E+01  -0.614711007429E+00
        523   0.275347900000E+04  -0.745784500000E+04   0.970948298521E+00  -0.723996818223E+00  -0.646969246258E+00
        525   0.378145300000E+04  -0.820572300000E+04   0.837638275255E+00  -0.612896246277E+00  -0.570960656675E+00
        533   0.215751700000E+04  -0.361177000000E+04   0.747735559444E+00  -0.854395880766E-01  -0.742838167872E+00
        534   0.217246900000E+04  -0.503169700000E+02   0.103299808903E+01   0.844734718038E+00  -0.594565646574E+00
        535   0.216784600000E+04  -0.123888200000E+04   0.923787459241E+00   0.693858987264E+00  -0.609871277930E+00
        536   0.216303300000E+04  -0.242376900000E+04   0.781384288123E+00   0.157379838111E+00  -0.765371146752E+00
        537   0.310054700000E+04  -0.513658700000E+04   0.752198016544E+00  -0.341528423029E+00  -0.670194145271E+00
        524   0.310538100000E+04  -0.631857200000E+04   0.872227924644E+00  -0.563839295722E+00  -0.665482382282E+00
        538   0.315203400000E+04  -0.394449800000E+04   0.673392134921E+00  -0.784339215799E-01  -0.668808707569E+00
        539   0.209961100000E+04   0.962939100000E+04   0.608733740027E+00  -0.492948380917E+00   0.357153552409E+00
        540   0.203097800000E+04   0.826749800000E+04   0.685447313108E+00  -0.536213975627E+00   0.426980785738E+00
        541   0.138585300000E+04   0.692378000000E+04   0.752032760291E+00  -0.589889714386E+00   0.466458355497E+00
        516   0.000000000000E+00   0.650000000000E+04   0.748342366310E+00  -0.578681255276E+00   0.474493732315E+00
        521   0.106459400000E+04   0.558268600000E+04   0.700896451435E+00  -0.569803929665E+00   0.408141295842E+00
        517   0.000000000000E+00   0.520000000000E+04   0.648527818521E+00  -0.505299159181E+00   0.406523174157E+00
        542   0.109392900000E+04   0.431269200000E+04   0.690263264128E+00   0.655250694009E+00  -0.217048155498E+00
        518   0.000000000000E+00   0.390000000000E+04   0.946767816178E+00   0.879723601692E+00  -0.349936683383E+00
        543   0.109428800000E+04   0.306839400000E+04   0.950846282306E+00   0.856210139439E+00  -0.413536999188E+00
        519   0.000000000000E+00   0.260000000000E+04   0.116045108756E+01   0.103615284970E+01  -0.522526553094E+00
        544   0.110003400000E+04   0.182861200000E+04   0.112970442056E+01   0.987731256385E+00  -0.548287372643E+00
        546   0.213654000000E+04   0.469262200000E+04   0.680583452566E+00  -0.587026627784E+00   0.344374177573E+00
        545   0.209510900000E+04   0.578408400000E+04   0.716173299056E+00  -0.595089691923E+00   0.398462611606E+00
        547   0.217492700000E+04   0.114551000000E+04   0.102231038072E+01   0.873015898208E+00  -0.531941496790E+00
        548   0.379268300000E+04  -0.696435300000E+04   0.881285631051E+00  -0.613089011500E+00  -0.633076794296E+00
        549   0.388360900000E+04  -0.567279500000E+04   0.736399594405E+00  -0.405243782580E+00  -0.614867334731E+00
        550   0.456812900000E+04  -0.746898200000E+04   0.793920631527E+00  -0.588275467107E+00  -0.533143455333E+00
        558   0.317355200000E+04  -0.278058700000E+04   0.694779864178E+00   0.208310577950E+00  -0.662816537800E+00
        559   0.319520900000E+04   0.646816700000E+03   0.923448261335E+00   0.801850746453E+00  -0.458030645017E+00
        560   0.321560900000E+04  -0.492660900000E+03   0.934308890725E+00   0.783646179988E+00  -0.508755115825E+00
        561   0.319638800000E+04  -0.162887200000E+04   0.840780458925E+00   0.657539290519E+00  -0.523978875084E+00
        562   0.402943700000E+04  -0.442754700000E+04   0.592260589300E+00  -0.114656203313E+00  -0.581056417811E+00
        563   0.408337900000E+04  -0.322916100000E+04   0.600021075757E+00   0.466677134190E+00  -0.377144194940E+00
        564   0.297227200000E+04   0.894252900000E+04   0.608615372405E+00  -0.462814087905E+00   0.395241434523E+00
        565   0.279839700000E+04   0.756945000000E+04   0.703229138374E+00  -0.540620167558E+00   0.449734427732E+00
        566   0.279500000000E+04   0.645147000000E+04   0.740024277710E+00  -0.580105950197E+00   0.459470366994E+00
        567   0.216235900000E+04   0.349315500000E+04   0.654832688795E+00   0.602485695388E+00  -0.256547923726E+00
        568   0.219562500000E+04   0.234063300000E+04   0.870311048363E+00   0.770156011790E+00  -0.405340644898E+00
        569   0.306776300000E+04   0.521113800000E+04   0.762539181217E+00  -0.652532374065E+00   0.394547213508E+00
        570   0.302744600000E+04   0.409618000000E+04   0.686727866055E+00  -0.612184292974E+00   0.311168046966E+00
        571   0.320957000000E+04   0.182600300000E+04   0.790998824960E+00   0.710527164581E+00  -0.347606515302E+00
        572   0.461840600000E+04  -0.625031200000E+04   0.724219333022E+00  -0.476157109848E+00  -0.545681270582E+00
        573   0.474718000000E+04  -0.506214500000E+04   0.577959506814E+00  -0.519129303663E+00  -0.254051092489E+00
        574   0.536794600000E+04  -0.677186100000E+04   0.642431852131E+00  -0.500245130116E+00  -0.403080009957E+00
        583   0.411646300000E+04  -0.207954200000E+04   0.748162714581E+00   0.628221091712E+00  -0.406307405073E+00
        582   0.411021100000E+04   0.132411000000E+04   0.726558202848E+00   0.669597196551E+00  -0.282004284536E+00
        584   0.422178900000E+04   0.291883100000E+03   0.821151886855E+00   0.741620536721E+00  -0.352547019274E+00
        585   0.425283100000E+04  -0.889958200000E+03   0.843137768213E+00   0.743700829616E+00  -0.397228362805E+00
        586   0.492842200000E+04  -0.390477200000E+04   0.520598682846E+00   0.474548177358E+00  -0.214072454901E+00
        587   0.494939300000E+04  -0.287560500000E+04   0.641785769285E+00   0.581335919825E+00  -0.271914549036E+00
        588   0.378145300000E+04   0.820572300000E+04   0.609014482789E+00  -0.442879491188E+00   0.418038750037E+00
        589   0.377530900000E+04   0.692800500000E+04   0.711254811984E+00  -0.543911089750E+00   0.458305721127E+00
        590   0.379986400000E+04   0.575510600000E+04   0.761204703263E+00  -0.615500767123E+00   0.447874319358E+00
        591   0.337808400000E+04   0.308557100000E+04   0.566334784561E+00  -0.521048512981E+00   0.221908844629E+00
        592   0.388560000000E+04   0.444983900000E+04   0.803387785390E+00  -0.715196365095E+00   0.365959141257E+00
        593   0.432196100000E+04   0.243652500000E+04   0.543263216519E+00   0.518125286023E+00  -0.163343534936E+00
        594   0.547300200000E+04  -0.564090900000E+04   0.615415002407E+00  -0.541082957386E+00  -0.293197643944E+00
        595   0.565405700000E+04  -0.455148100000E+04   0.598801532082E+00  -0.559345030213E+00  -0.213767191119E+00
        596   0.621690700000E+04  -0.616471700000E+04   0.592756736936E+00  -0.510542820598E+00  -0.301175326876E+00
        604   0.509472700000E+04   0.130256700000E+04   0.621064406272E+00   0.595367668024E+00  -0.176800273216E+00
        605   0.504249000000E+04  -0.186811100000E+04   0.734126147251E+00   0.670305272862E+00  -0.299386107311E+00
        606   0.516272700000E+04   0.696200900000E+02   0.740765151761E+00   0.698796547776E+00  -0.245797467196E+00
        607   0.526035300000E+04  -0.943852400000E+03   0.761706544411E+00   0.711935808032E+00  -0.270821463404E+00
        608   0.587273100000E+04  -0.353567800000E+04   0.608870688246E+00   0.592520004973E+00  -0.140155480491E+00
        609   0.589104900000E+04  -0.261666600000E+04   0.666774671185E+00   0.641664214737E+00  -0.181260855290E+00
        610   0.456812900000E+04   0.746898200000E+04   0.621919617266E+00  -0.457077739734E+00   0.421739196874E+00
        611   0.461483000000E+04   0.624666800000E+04   0.736320814383E+00  -0.589405536712E+00   0.441326925290E+00
        612   0.465579700000E+04   0.508756000000E+04   0.828982166521E+00  -0.729318713249E+00   0.394088374498E+00
        613   0.468232200000E+04   0.374568400000E+04   0.800886932882E+00  -0.734761029868E+00   0.318663001065E+00
        614   0.530298900000E+04   0.264832500000E+04   0.657948621495E+00  -0.623516526830E+00   0.210056014664E+00
        615   0.637988800000E+04  -0.515894400000E+04   0.663591991801E+00  -0.622586327462E+00  -0.229653209078E+00
        616   0.661583500000E+04  -0.418298500000E+04   0.635575231911E+00   0.633747231034E+00  -0.481697267548E-01
        617   0.714704700000E+04  -0.573337900000E+04   0.636592752734E+00  -0.610829178449E+00  -0.179270877692E+00
        626   0.602279400000E+04   0.751506000000E+03   0.610430604148E+00   0.598225358288E+00  -0.121457577704E+00
        625   0.591881300000E+04   0.173943100000E+04   0.534484589819E+00  -0.516229026994E+00   0.138496817448E+00
        627   0.611353300000E+04  -0.155279400000E+04   0.718726552615E+00   0.694599957108E+00  -0.184658487539E+00
        628   0.606271900000E+04  -0.363368000000E+03   0.699795044325E+00   0.679827648465E+00  -0.165974312604E+00
        629   0.694590700000E+04  -0.321927800000E+04   0.676410669742E+00   0.671034319480E+00  -0.851136664790E-01
        630   0.676426400000E+04  -0.233260900000E+04   0.679455352133E+00   0.666407056476E+00  -0.132518718004E+00
        631   0.536794600000E+04   0.677186100000E+04   0.657841670051E+00  -0.511308323655E+00   0.413907551292E+00
        632   0.547545200000E+04   0.563211100000E+04   0.778670779748E+00  -0.677325155348E+00   0.384133853188E+00
        633   0.553953300000E+04   0.456854300000E+04   0.877538858386E+00  -0.808267867179E+00   0.341727234595E+00
        634   0.582760100000E+04   0.354606000000E+04   0.830234970560E+00  -0.786339441278E+00   0.266383913612E+00
        635   0.630171200000E+04   0.253383900000E+04   0.694799166627E+00  -0.670843435431E+00   0.180872792549E+00
        636   0.734644200000E+04  -0.488889300000E+04   0.694265395378E+00   0.693486864559E+00   0.328695589251E-01
        637   0.759720700000E+04  -0.404261200000E+04   0.738090655119E+00   0.737200816790E+00  -0.362321804198E-01
        638   0.814454000000E+04  -0.560386500000E+04   0.650532235219E+00  -0.649576999156E+00   0.352407608600E-01
        646   0.688740800000E+04   0.149312700000E+04   0.532475822704E+00  -0.517726552467E+00   0.124457698174E+00
        647   0.677323800000E+04   0.459541000000E+03   0.600165149676E+00   0.595107624011E+00  -0.777503873252E-01
        648   0.721787100000E+04  -0.152956400000E+04   0.682344079007E+00   0.673804258679E+00  -0.107616277308E+00
        649   0.697098000000E+04  -0.584302900000E+03   0.669881336547E+00   0.662930892058E+00  -0.962477917121E-01
        651   0.769860700000E+04  -0.240592300000E+04   0.678855231609E+00   0.672847622463E+00  -0.901138303933E-01
        650   0.805453500000E+04  -0.323919700000E+04   0.713918151803E+00   0.710876133510E+00  -0.658350232055E-01
        653   0.621690700000E+04   0.616471700000E+04   0.709901741817E+00  -0.609109579294E+00   0.364617612639E+00
        654   0.639733800000E+04   0.515279600000E+04   0.839551981173E+00  -0.786064996984E+00   0.294871751118E+00
        655   0.651963800000E+04   0.423205000000E+04   0.885510554899E+00  -0.851006549937E+00   0.244779073456E+00
        656   0.683461400000E+04   0.328392700000E+04   0.818306549460E+00  -0.796765134589E+00   0.186523267159E+00
        657   0.730298900000E+04   0.237470300000E+04   0.689737042749E+00  -0.676052676886E+00   0.136711251238E+00
        658   0.833904800000E+04  -0.488349100000E+04   0.738007414956E+00   0.736676847278E+00  -0.442963566785E-01
        659   0.857326800000E+04  -0.410761700000E+04   0.758634538929E+00   0.756049965223E+00  -0.625684724272E-01
        660   0.910982300000E+04  -0.582434800000E+04   0.665111487954E+00  -0.614422063162E+00   0.254673947841E+00
        677   0.794157000000E+04   0.152083300000E+04   0.552538429580E+00  -0.541859538776E+00   0.108106227392E+00
        678   0.763053600000E+04   0.530805100000E+03   0.561596484329E+00   0.561208091852E+00  -0.208827405116E-01
        679   0.805468900000E+04  -0.516641600000E+03   0.622155508494E+00   0.621048996354E+00  -0.370893633927E-01
        652   0.818498800000E+04  -0.158766400000E+04   0.653139972729E+00   0.649514323620E+00  -0.687238487642E-01
        681   0.868361100000E+04  -0.247534400000E+04   0.665535347726E+00   0.662159941316E+00  -0.669440900322E-01
        680   0.903981100000E+04  -0.335163400000E+04   0.709596405654E+00   0.706236280676E+00  -0.689737252437E-01
        682   0.888518700000E+04  -0.969869700000E+03   0.598779057620E+00   0.598591828104E+00  -0.149727476317E-01
        683   0.917301300000E+04  -0.176375400000E+04   0.616583315327E+00   0.615780152801E+00  -0.314608988438E-01
        684   0.714704700000E+04   0.573337900000E+04   0.751969388641E+00  -0.721415128482E+00   0.212174866209E+00
        686   0.746371800000E+04   0.482181400000E+04   0.845633093797E+00  -0.837895704611E+00   0.114132017936E+00
        685   0.740750300000E+04   0.396233900000E+04   0.844321407560E+00  -0.833294512788E+00   0.136010640106E+00
        687   0.784972100000E+04   0.320651600000E+04   0.780007250363E+00  -0.772991562209E+00   0.104380818982E+00
        688   0.830289900000E+04   0.240612500000E+04   0.674360926745E+00  -0.668301404322E+00   0.901991823792E-01
        690   0.931813000000E+04  -0.495364600000E+04   0.648696774909E+00   0.635674940397E+00  -0.129324691875E+00
        691   0.945814600000E+04  -0.421449600000E+04   0.698304974209E+00   0.692499749190E+00  -0.898550742974E-01
        692   0.101407000000E+05  -0.547349100000E+04   0.633350217606E+00  -0.544157202957E+00   0.324076282088E+00
        661   0.997116600000E+04  -0.628383700000E+04   0.649856672590E+00  -0.541821152948E+00   0.358808490880E+00
        693   0.109360700000E+05  -0.600428300000E+04   0.585673688205E+00  -0.479566654078E+00   0.336198592132E+00
        662   0.107398700000E+05  -0.686023600000E+04   0.582803537841E+00  -0.448819946380E+00   0.371780337634E+00
        694   0.116554400000E+05  -0.659950300000E+04   0.508761738397E+00  -0.409244077094E+00   0.302254514971E+00
        663   0.114487200000E+05  -0.748447700000E+04   0.479421514305E+00  -0.353513544718E+00   0.323841260619E+00
        695   0.123307700000E+05  -0.722303700000E+04   0.434517405273E+00  -0.335861215256E+00   0.275685726095E+00
        666   0.121260800000E+05  -0.811877900000E+04   0.423788153632E+00  -0.308725151967E+00   0.290319099787E+00
        696   0.158423000000E+05  -0.971331600000E+04   0.136014857651E+00  -0.136007022389E+00   0.145991871355E-02
        664   0.157859100000E+05  -0.103915200000E+05   0.830064422780E-01  -0.826571954970E-01   0.760641125775E-02
        689   0.166087500000E+05  -0.103317500000E+05   0.704454178008E-01  -0.689411941391E-01  -0.144799392198E-01
        665   0.149649300000E+05  -0.102044500000E+05   0.117416968189E+00  -0.110648011678E+00   0.392907359355E-01
        697   0.150763500000E+05  -0.938445200000E+04   0.187952962377E+00  -0.184891709877E+00   0.337841928245E-01
        669   0.141947100000E+05  -0.982173100000E+04   0.187534793245E+00  -0.160888796166E+00   0.963540032672E-01
        698   0.129865100000E+05  -0.784485500000E+04   0.386025229749E+00  -0.309622810502E+00   0.230541087921E+00
        667   0.127952700000E+05  -0.873740200000E+04   0.355148025269E+00  -0.265033289383E+00   0.236405320099E+00
        699   0.136469100000E+05  -0.843864400000E+04   0.323129629680E+00  -0.277274231588E+00   0.165926966085E+00
        668   0.134776600000E+05  -0.931581400000E+04   0.271803978836E+00  -0.214422708814E+00   0.167033843444E+00
        700   0.143213400000E+05  -0.897499700000E+04   0.253130664410E+00  -0.234119459754E+00   0.962455808292E-01
        710   0.867159400000E+04   0.626282600000E+03   0.530335433686E+00   0.530333482916E+00  -0.143844407035E-02
        709   0.891000000000E+04   0.164404100000E+04   0.552283008766E+00  -0.546281427917E+00   0.811980497568E-01
        711   0.921448500000E+04  -0.244629900000E+03   0.558486861047E+00   0.557709713726E+00   0.294524901909E-01
        712   0.973623100000E+04  -0.266395600000E+04   0.636734913068E+00   0.635714969967E+00  -0.360253588300E-01
        708   0.996013900000E+04  -0.363412500000E+04   0.667086196486E+00   0.664471021640E+00  -0.590106341485E-01
        713   0.980793700000E+04  -0.105213200000E+04   0.568008085505E+00   0.567140652508E+00   0.313793797261E-01
        714   0.100414000000E+05  -0.186988300000E+04   0.584051512340E+00   0.583709769238E+00   0.199768456727E-01
        715   0.814454000000E+04   0.560386500000E+04   0.731584076682E+00  -0.730556854411E+00  -0.387549187532E-01
        716   0.830217300000E+04   0.407899900000E+04   0.775778208879E+00  -0.775525904461E+00   0.197838540596E-01
        717   0.854529400000E+04   0.491007900000E+04   0.741578344780E+00  -0.737066674668E+00  -0.816771604568E-01
        718   0.882493600000E+04   0.331673800000E+04   0.710056615509E+00  -0.709641918682E+00   0.242640573023E-01
        719   0.926110600000E+04   0.257476600000E+04   0.636619782479E+00  -0.635425209649E+00   0.389814107790E-01
        721   0.173715300000E+05  -0.100602300000E+05   0.904513138680E-01  -0.826115379867E-01  -0.368344128760E-01
        722   0.166465300000E+05  -0.950512700000E+04   0.140323469536E+00  -0.138892046278E+00  -0.199918879403E-01
        723   0.103526000000E+05  -0.463212600000E+04   0.575556969565E+00   0.566792170298E+00  -0.100062285124E+00
        724   0.111854300000E+05  -0.520656100000E+04   0.511650954051E+00  -0.437051831430E+00   0.266030816684E+00
        725   0.119278500000E+05  -0.578223000000E+04   0.469068462439E+00  -0.398913540616E+00   0.246765495094E+00
        726   0.126062600000E+05  -0.639678300000E+04   0.416845994205E+00  -0.360172638986E+00   0.209848166565E+00
        727   0.132544200000E+05  -0.702036600000E+04   0.361098735640E+00  -0.299077931562E+00   0.202347937309E+00
        728   0.159633200000E+05  -0.886484100000E+04   0.206715517806E+00  -0.205992384421E+00  -0.172754989002E-01
        729   0.151606800000E+05  -0.865593900000E+04   0.236996008225E+00  -0.234895514872E+00   0.314834084558E-01
        730   0.138963000000E+05  -0.762531900000E+04   0.327426690381E+00  -0.290541973668E+00   0.150975491757E+00
        731   0.145603500000E+05  -0.816891500000E+04   0.282551831234E+00  -0.269347503668E+00   0.853666187774E-01
        732   0.107807500000E+05  -0.391335300000E+04   0.581328177328E+00   0.580310417712E+00  -0.343841366175E-01
        740   0.106918300000E+05  -0.308149900000E+04   0.595487573475E+00   0.595487534940E+00   0.214227855229E-03
        720   0.985629900000E+04   0.189997900000E+04   0.538530794416E+00  -0.536514204650E+00   0.465609787508E-01
        741   0.965900300000E+04   0.101032500000E+04   0.504092983663E+00   0.504044504059E+00  -0.699100180531E-02
        742   0.962956700000E+04   0.263337100000E+03   0.536905853403E+00   0.536850566537E+00  -0.770484436206E-02
        743   0.102571100000E+05  -0.441281900000E+03   0.543649989470E+00   0.541020850476E+00   0.534017827557E-01
        744   0.108015600000E+05  -0.226399100000E+04   0.565963286562E+00   0.564373110754E+00   0.423961506959E-01
        745   0.107236500000E+05  -0.136809700000E+04   0.553874252709E+00   0.551764370410E+00   0.482987304178E-01
        746   0.910982300000E+04   0.582434800000E+04   0.647029721695E+00  -0.599344904504E+00  -0.243789142911E+00
        748   0.926656600000E+04   0.424159800000E+04   0.655836507531E+00  -0.650666971906E+00  -0.821828222998E-01
        749   0.944747400000E+04   0.503694200000E+04   0.619104033806E+00  -0.593679991908E+00  -0.175595762712E+00
        750   0.976915500000E+04   0.357575800000E+04   0.610914499705E+00  -0.609100208945E+00  -0.470474378953E-01
        751   0.101627900000E+05   0.285980300000E+04   0.577299948481E+00  -0.577208753131E+00  -0.102608881318E-01
        752   0.107376900000E+05   0.221460300000E+04   0.507785475286E+00  -0.507650376880E+00   0.117125473395E-01
        747   0.105517300000E+05   0.127330500000E+04   0.464419641793E+00   0.459469456359E+00   0.676270830130E-01
        754   0.173908500000E+05  -0.922856500000E+04   0.158555106157E+00  -0.152787344400E+00  -0.423762796793E-01
        753   0.180567300000E+05  -0.965883300000E+04   0.128732951276E+00  -0.108114648205E+00  -0.698812964100E-01
        755   0.168199400000E+05  -0.870297300000E+04   0.206081687174E+00  -0.200686157352E+00  -0.468479245586E-01
        757   0.114492500000E+05  -0.443551700000E+04   0.469694569775E+00   0.469282180232E+00  -0.196780129221E-01
        758   0.121840600000E+05  -0.497370000000E+04   0.402565148958E+00  -0.353954022826E+00   0.191768738017E+00
        759   0.128666300000E+05  -0.557024000000E+04   0.376656409722E+00  -0.334085114157E+00   0.173945932644E+00
        760   0.135112400000E+05  -0.618839100000E+04   0.348595279495E+00  -0.318998247504E+00   0.140565952406E+00
        761   0.141417700000E+05  -0.680250300000E+04   0.312859080837E+00  -0.296868381319E+00   0.987419294686E-01
        756   0.163193500000E+05  -0.813754900000E+04   0.233347612970E+00  -0.228929434987E+00  -0.451931662459E-01
        762   0.155229900000E+05  -0.792867400000E+04   0.251412506008E+00  -0.251412391738E+00   0.239703813955E-03
        763   0.147917900000E+05  -0.737974000000E+04   0.266776068231E+00  -0.258585338364E+00   0.655979676811E-01
        764   0.115337300000E+05  -0.353302000000E+04   0.528658025516E+00   0.527539301000E+00   0.343743195287E-01
        774   0.116192200000E+05  -0.266652400000E+04   0.542220666038E+00   0.541079259683E+00   0.351636946225E-01
        775   0.105481200000E+05   0.310977300000E+03   0.528423722516E+00   0.528369825656E+00  -0.754704273522E-02
        776   0.111552400000E+05  -0.703723900000E+03   0.536597413706E+00   0.534382293827E+00   0.487067597031E-01
        778   0.116516500000E+05  -0.174029300000E+04   0.540865360924E+00   0.539437243389E+00   0.392784812854E-01
        779   0.101843100000E+05   0.548976600000E+04   0.522938870422E+00  -0.471277266575E+00  -0.226633625500E+00
        772   0.997116600000E+04   0.628383700000E+04   0.536018168254E+00  -0.448024118933E+00  -0.294261559761E+00
        780   0.114081500000E+05   0.166614600000E+04   0.430117848116E+00  -0.429239594463E+00   0.274724191280E-01
        777   0.113400400000E+05   0.746068900000E+03   0.482267086723E+00   0.482176741650E+00   0.933449235780E-02
        781   0.102951500000E+05   0.456393700000E+04   0.516539125068E+00  -0.495629797993E+00  -0.145477733920E+00
        782   0.107035400000E+05   0.380497300000E+04   0.502690613888E+00  -0.495374709918E+00  -0.854502783173E-01
        783   0.109790700000E+05   0.310347400000E+04   0.504280437248E+00  -0.502446147070E+00  -0.429724177389E-01
        784   0.115798800000E+05   0.263491200000E+04   0.463033435585E+00  -0.462366920501E+00  -0.248353235567E-01
        786   0.180462800000E+05  -0.882699100000E+04   0.190779520562E+00  -0.174379931064E+00  -0.773851736945E-01
        785   0.186780400000E+05  -0.919070200000E+04   0.176023942385E+00  -0.138115581964E+00  -0.109126139451E+00
        787   0.175075200000E+05  -0.833757300000E+04   0.222955603546E+00  -0.209269659911E+00  -0.769117064751E-01
        788   0.169829900000E+05  -0.781521500000E+04   0.236455600583E+00  -0.222432543096E+00  -0.802185441070E-01
        789   0.162284900000E+05  -0.738210000000E+04   0.225870076630E+00  -0.219283085477E+00  -0.541499763677E-01
        790   0.122804400000E+05  -0.405991000000E+04   0.443630501198E+00   0.443162255445E+00   0.203773634721E-01
        791   0.129804100000E+05  -0.463096800000E+04   0.341337169076E+00  -0.309141383214E+00   0.144715818685E+00
        792   0.136330900000E+05  -0.523455000000E+04   0.322355575391E+00  -0.296333225850E+00   0.126884736051E+00
        793   0.142546500000E+05  -0.584834200000E+04   0.302192062148E+00  -0.286509231914E+00   0.960859118342E-01
        794   0.148714600000E+05  -0.644715800000E+04   0.281425265080E+00  -0.275872091459E+00   0.556306478442E-01
        795   0.155164600000E+05  -0.697784800000E+04   0.246376628548E+00  -0.244117936854E+00   0.332847713063E-01
        796   0.123852900000E+05  -0.316985000000E+04   0.498567547194E+00   0.498148816815E+00   0.204292785114E-01
        808   0.109659200000E+05   0.602528400000E+04   0.474858710592E+00   0.360118567088E+00   0.309524494449E+00
        773   0.107398700000E+05   0.686023600000E+04   0.456529507750E+00   0.349522536823E+00   0.293688930161E+00
        810   0.124856500000E+05  -0.230322700000E+04   0.514719448806E+00   0.514532763229E+00   0.138616934014E-01
        812   0.116217300000E+05  -0.115189000000E+03   0.511864656169E+00   0.509300192064E+00   0.511736318644E-01
        813   0.119948200000E+05  -0.989495300000E+03   0.525301168775E+00   0.524082324740E+00   0.357635961681E-01
        811   0.121264000000E+05   0.117293800000E+04   0.434875034617E+00   0.429687466152E+00   0.669699721157E-01
        814   0.122652700000E+05   0.349042100000E+03   0.478980857164E+00   0.476329133946E+00   0.503310806877E-01
        815   0.126483100000E+05  -0.150730500000E+04   0.514061416683E+00   0.513765629486E+00   0.174361142837E-01
        816   0.111362300000E+05   0.515930100000E+04   0.438689092037E+00   0.332072196146E+00   0.286663872888E+00
        817   0.122079600000E+05   0.211689300000E+04   0.404256706806E+00  -0.404251731618E+00  -0.200561250897E-02
        818   0.114417300000E+05   0.440970200000E+04   0.412118140857E+00  -0.395308327988E+00  -0.116501879154E+00
        819   0.116845400000E+05   0.363583100000E+04   0.432232319021E+00  -0.424844739470E+00  -0.795721367744E-01
        820   0.123343700000E+05   0.313427200000E+04   0.406758678044E+00  -0.402706004624E+00  -0.572756143903E-01
        821   0.192542300000E+05  -0.869287000000E+04   0.223726345693E+00  -0.168004540352E+00  -0.147742858299E+00
        822   0.186586300000E+05  -0.835205600000E+04   0.228172788415E+00  -0.196525694174E+00  -0.115933053537E+00
        823   0.181214100000E+05  -0.801511000000E+04   0.232714260815E+00  -0.209595544718E+00  -0.101121881020E+00
        824   0.177262500000E+05  -0.742066700000E+04   0.235374069949E+00  -0.208083834961E+00  -0.110009410655E+00
        825   0.169543900000E+05  -0.703012000000E+04   0.211907009856E+00  -0.191701616466E+00  -0.903054321200E-01
        826   0.162569200000E+05  -0.656805400000E+04   0.232447464839E+00  -0.232441204949E+00   0.170591676439E-02
        827   0.130931800000E+05  -0.371662600000E+04   0.433175938060E+00   0.432831597493E+00  -0.172685125403E-01
        828   0.137552600000E+05  -0.430145200000E+04   0.353451712857E+00   0.349831536744E+00  -0.504579946166E-01
        829   0.143788500000E+05  -0.490587000000E+04   0.284259599777E+00  -0.271282347698E+00   0.849082321827E-01
        830   0.149771100000E+05  -0.551296000000E+04   0.267680999429E+00  -0.261415408211E+00   0.575769207691E-01
        831   0.155895000000E+05  -0.608286900000E+04   0.249911570943E+00  -0.249043621182E+00   0.208102868828E-01
        832   0.132158100000E+05  -0.282755900000E+04   0.475908462692E+00   0.475559160589E+00  -0.182304591629E-01
        851   0.118829800000E+05   0.573614000000E+04   0.479140446545E+00   0.348242403876E+00   0.329093900974E+00
        853   0.134697000000E+05  -0.201934100000E+04   0.486602347709E+00   0.486468096937E+00  -0.114295869408E-01
        854   0.128858000000E+05   0.164681400000E+04   0.372586865169E+00   0.363677486975E+00   0.809917129340E-01
        855   0.130025100000E+05   0.837883600000E+03   0.429250438294E+00   0.425615045788E+00   0.557473907416E-01
        856   0.126295500000E+05  -0.512102800000E+03   0.503003743851E+00   0.502046076189E+00   0.310242439347E-01
        857   0.131172400000E+05   0.152640100000E+03   0.463895207653E+00   0.462361357617E+00   0.376926871691E-01
        858   0.133263500000E+05  -0.106540200000E+04   0.493850070773E+00   0.493747778235E+00   0.100510641716E-01
        859   0.121853500000E+05   0.495110300000E+04   0.417491872397E+00   0.292030089010E+00   0.298358661061E+00
        860   0.129447800000E+05   0.261347200000E+04   0.367795852136E+00  -0.366535916373E+00  -0.304172789168E-01
        861   0.125244200000E+05   0.417017100000E+04   0.360307031654E+00  -0.347811791455E+00  -0.940644182654E-01
        865   0.192139000000E+05  -0.785619700000E+04   0.259875745219E+00  -0.213330079678E+00  -0.148410511952E+00
        864   0.198011700000E+05  -0.818720500000E+04   0.265079488403E+00  -0.194929624342E+00  -0.179637347804E+00
        866   0.186033000000E+05  -0.751170100000E+04   0.246824716020E+00  -0.214464241658E+00  -0.122178269296E+00
        867   0.183601300000E+05  -0.687825400000E+04   0.231787756394E+00  -0.207776759233E+00  -0.102734523588E+00
        868   0.176120900000E+05  -0.662586700000E+04   0.214606448370E+00  -0.210963950911E+00  -0.393718058760E-01
        869   0.169578100000E+05  -0.620816400000E+04   0.229012077853E+00  -0.227833380137E+00  -0.232052299672E-01
        870   0.162877600000E+05  -0.573379200000E+04   0.233726717385E+00  -0.233610380401E+00  -0.737350582776E-02
        871   0.138844000000E+05  -0.340209600000E+04   0.422468721332E+00   0.420233114491E+00  -0.434044927302E-01
        872   0.145148300000E+05  -0.399237200000E+04   0.357412820445E+00   0.351060874837E+00  -0.670834284830E-01
        873   0.151143000000E+05  -0.458881300000E+04   0.284990459965E+00   0.271346365879E+00  -0.871246922266E-01
        874   0.156728600000E+05  -0.517974600000E+04   0.245917132640E+00  -0.244847298138E+00   0.229136797660E-01
        875   0.141624100000E+05  -0.266234800000E+04   0.443541485829E+00   0.441911715290E+00  -0.379879657321E-01
        900   0.145593100000E+05  -0.203824300000E+04   0.445728210257E+00   0.445014245112E+00  -0.252182288418E-01
        899   0.140383800000E+05  -0.148714500000E+04   0.471674507401E+00   0.471582063051E+00  -0.933802660547E-02
        903   0.137229500000E+05  -0.239360500000E+03   0.462640110739E+00   0.462143935166E+00   0.214209069142E-01
        904   0.141270700000E+05  -0.830719500000E+03   0.465282913680E+00   0.465266780747E+00   0.387459618393E-02
        911   0.197598400000E+05  -0.737236400000E+04   0.285390045437E+00  -0.227269032669E+00  -0.172615946031E+00
        910   0.203316700000E+05  -0.768829400000E+04   0.296654049041E+00  -0.217954915671E+00  -0.201244327987E+00
        912   0.191694700000E+05  -0.704881700000E+04   0.257709754215E+00  -0.217643328931E+00  -0.138006154896E+00
        914   0.182260300000E+05  -0.616392600000E+04   0.223874687345E+00  -0.215092225415E+00  -0.620903390233E-01
        913   0.189511300000E+05  -0.640756800000E+04   0.239580881917E+00  -0.208629419294E+00  -0.117782699855E+00
        915   0.176091700000E+05  -0.580244100000E+04   0.229936483789E+00  -0.225483070838E+00  -0.450352233563E-01
        916   0.169840800000E+05  -0.538471800000E+04   0.233627441915E+00  -0.231291889848E+00  -0.329521366017E-01
        917   0.164050700000E+05  -0.498765300000E+04   0.235678505971E+00  -0.235522440574E+00  -0.857543951754E-02
        918   0.148022900000E+05  -0.324823900000E+04   0.393082450453E+00   0.389576456598E+00  -0.523831778223E-01
        919   0.154081600000E+05  -0.382425000000E+04   0.333464885569E+00   0.327740729116E+00  -0.615210889533E-01
        920   0.159971100000E+05  -0.440529200000E+04   0.267068711119E+00   0.257612715687E+00  -0.704371008415E-01
        921   0.151769200000E+05  -0.259997200000E+04   0.406161292879E+00   0.404632400099E+00  -0.352081897182E-01
        952   0.148125400000E+05  -0.126384800000E+04   0.449006252785E+00   0.448915035052E+00  -0.905021238375E-02
        953   0.154045800000E+05  -0.182383000000E+04   0.424301744959E+00   0.424024384029E+00  -0.153392478267E-01
        962   0.208565600000E+05  -0.720784400000E+04   0.320701278987E+00  -0.240587491583E+00  -0.212054165812E+00
        963   0.202959000000E+05  -0.690157400000E+04   0.304508047883E+00  -0.241429532331E+00  -0.185571905588E+00
        964   0.197245200000E+05  -0.658199000000E+04   0.269744633975E+00  -0.225537159913E+00  -0.147970122176E+00
        965   0.195223600000E+05  -0.595515200000E+04   0.249362295963E+00  -0.219813575505E+00  -0.117743563186E+00
        966   0.188189400000E+05  -0.571041400000E+04   0.233478930936E+00  -0.220254234141E+00  -0.774627880609E-01
        967   0.182249600000E+05  -0.535366300000E+04   0.233367671128E+00  -0.224886731147E+00  -0.623412229723E-01
        968   0.176090800000E+05  -0.497061300000E+04   0.233401880888E+00  -0.227850504631E+00  -0.506022286225E-01
        969   0.169723900000E+05  -0.445922800000E+04   0.235096210151E+00  -0.232954945625E+00  -0.316578795251E-01
        970   0.157826100000E+05  -0.315966600000E+04   0.354988985561E+00   0.352994489181E+00  -0.375775262271E-01
        971   0.163912100000E+05  -0.373625200000E+04   0.297678967585E+00   0.294957020556E+00  -0.401637120735E-01
        972   0.160024000000E+05  -0.239225900000E+04   0.385519372077E+00   0.385173144898E+00  -0.163350756480E-01
       1015   0.202830000000E+05  -0.613257600000E+04   0.284831275283E+00  -0.244854928813E+00  -0.145516044528E+00
       1017   0.194051100000E+05  -0.527477100000E+04   0.245522691125E+00  -0.229788785169E+00  -0.864783560644E-01
       1016   0.200907500000E+05  -0.553412500000E+04   0.262739745286E+00  -0.239168845738E+00  -0.108767812249E+00
       1018   0.188315700000E+05  -0.491810700000E+04   0.239705414760E+00  -0.228517395595E+00  -0.723773844215E-01
       1019   0.182452500000E+05  -0.454912900000E+04   0.237271858445E+00  -0.228733894322E+00  -0.630772573786E-01
       1020   0.177179400000E+05  -0.411737000000E+04   0.234628282241E+00  -0.228828057232E+00  -0.518473822964E-01
       1021   0.171759600000E+05  -0.359950000000E+04   0.280538838647E+00   0.279986320559E+00  -0.175983035845E-01
       1022   0.166635700000E+05  -0.288001600000E+04   0.340835306090E+00   0.340640319225E+00  -0.115273065453E-01
       1023   0.166301000000E+05  -0.194696600000E+04   0.389443002599E+00   0.389442997260E+00   0.644889167154E-04
       1066   0.194322600000E+05  -0.450420200000E+04   0.248198673413E+00  -0.236920007574E+00  -0.739695308547E-01
       1067   0.188661200000E+05  -0.413489400000E+04   0.239291346391E+00  -0.230484009375E+00  -0.643231675205E-01
       1068   0.183691700000E+05  -0.370170400000E+04   0.247724206042E+00   0.247327442527E+00  -0.140149360482E-01
       1069   0.178783700000E+05  -0.325701900000E+04   0.286984797037E+00   0.286896444780E+00  -0.712065327047E-02
       1070   0.173953500000E+05  -0.283453300000E+04   0.324416331043E+00   0.324390746112E+00  -0.407427097252E-02
       1071   0.172854600000E+05  -0.214039500000E+04   0.368492184185E+00   0.368486404305E+00   0.206389152205E-02
       1116   0.185248600000E+05  -0.286153100000E+04   0.303797494483E+00   0.303791418701E+00  -0.192134787804E-02
       1117   0.179985700000E+05  -0.241418200000E+04   0.340071997511E+00   0.340069675933E+00   0.125658340202E-02
