         350           8
        833   0.343174500000E+05  -0.104000000000E+05   0.155404742364E+00  -0.155403735532E+00   0.559403092275E-03
        834   0.346071300000E+05  -0.104000000000E+05   0.176859277771E+00  -0.176858172439E+00   0.625280191137E-03
        879   0.344048900000E+05  -0.101407300000E+05   0.153682486781E+00  -0.152120840341E+00   0.218530702034E-01
        878   0.340975800000E+05  -0.101406600000E+05   0.127966400618E+00   0.127934303526E+00  -0.286594982196E-02
        876   0.340277700000E+05  -0.104000000000E+05   0.135931846624E+00  -0.135927280487E+00   0.111415717433E-02
        929   0.337901000000E+05  -0.101404100000E+05   0.131943126845E+00   0.131593742209E+00  -0.959561010347E-02
        877   0.337380800000E+05  -0.104000000000E+05   0.115327569720E+00  -0.115318543673E+00   0.144285228113E-02
        930   0.334784200000E+05  -0.101400800000E+05   0.125852359801E+00   0.124639671469E+00  -0.174289633522E-01
        922   0.334484000000E+05  -0.104000000000E+05   0.970001557731E-01   0.969984178242E-01  -0.580654461816E-03
        932   0.342280000000E+05  -0.987563800000E+04   0.142837150143E+00   0.142789855652E+00   0.367540255529E-02
        931   0.339038100000E+05  -0.987393500000E+04   0.151881998550E+00   0.151178408403E+00  -0.146024078908E-01
        933   0.345520600000E+05  -0.987452400000E+04   0.152920337171E+00  -0.148790253476E+00   0.352999998744E-01
        977   0.331465300000E+05  -0.101581500000E+05   0.112792607368E+00   0.111339721517E+00  -0.180454617406E-01
        923   0.331587200000E+05  -0.104000000000E+05   0.855931695115E-01   0.855909601428E-01  -0.614986874686E-03
        924   0.328690400000E+05  -0.104000000000E+05   0.796907849322E-01   0.796835120972E-01  -0.107661644859E-02
        978   0.328126600000E+05  -0.101408400000E+05   0.933651363653E-01   0.904192396436E-01  -0.232682141727E-01
        925   0.325793600000E+05  -0.104000000000E+05   0.869170228282E-01  -0.869168807269E-01  -0.157168797978E-03
        979   0.325038400000E+05  -0.101412800000E+05   0.793045500764E-01   0.779643134700E-01  -0.145181778459E-01
        926   0.322896800000E+05  -0.104000000000E+05   0.973974752626E-01  -0.973973170655E-01   0.175544784663E-03
        980   0.322068100000E+05  -0.101472900000E+05   0.784395868192E-01  -0.784317927563E-01  -0.110574201311E-02
        927   0.320000000000E+05  -0.104000000000E+05   0.940453145695E-01  -0.940213518159E-01   0.212287427397E-02
        981   0.319352700000E+05  -0.101843100000E+05   0.790283571773E-01  -0.784073500199E-01   0.988780567148E-02
        928   0.317548100000E+05  -0.103888800000E+05   0.809212453402E-01  -0.805507404434E-01   0.773473732161E-02
        982   0.316804300000E+05  -0.101263600000E+05   0.686243870279E-01  -0.644066122184E-01   0.236874396570E-01
        973   0.314952100000E+05  -0.103530000000E+05   0.613760907068E-01  -0.601723637714E-01   0.120959145424E-01
        983   0.335780800000E+05  -0.987485800000E+04   0.150867035411E+00   0.148236278265E+00  -0.280511707373E-01
        984   0.332532400000E+05  -0.987652200000E+04   0.139257011037E+00   0.133318355376E+00  -0.402334592439E-01
        987   0.340719200000E+05  -0.959355400000E+04   0.158854088705E+00   0.158682307680E+00  -0.738557564812E-02
        985   0.337202400000E+05  -0.959865300000E+04   0.170286949716E+00   0.166820517823E+00  -0.341842080010E-01
        986   0.344020500000E+05  -0.959530600000E+04   0.138998427380E+00   0.136060514529E+00   0.284270856824E-01
       1026   0.313941900000E+05  -0.100595600000E+05   0.538440668563E-01  -0.493555856948E-01   0.215223069474E-01
        974   0.312238500000E+05  -0.102893800000E+05   0.533963731269E-01  -0.511540136869E-01   0.153114188380E-01
       1027   0.310952600000E+05  -0.995180200000E+04   0.565991725905E-01  -0.498667791584E-01   0.267725731727E-01
        975   0.309435000000E+05  -0.101963900000E+05   0.564862703799E-01  -0.524834334869E-01   0.208851131396E-01
       1028   0.307622800000E+05  -0.981601300000E+04   0.612737590623E-01  -0.516716654799E-01   0.329319379352E-01
        976   0.306566100000E+05  -0.100737100000E+05   0.609205653248E-01  -0.550802300018E-01   0.260285140267E-01
       1025   0.303650000000E+05  -0.992207000000E+04   0.664903117093E-01  -0.575063801132E-01   0.333763059292E-01
       1029   0.329296000000E+05  -0.987670000000E+04   0.124131623247E+00   0.117579133518E+00  -0.397970759134E-01
       1030   0.326039400000E+05  -0.987649800000E+04   0.103347305430E+00   0.939436447143E-01  -0.430726961950E-01
       1031   0.322769800000E+05  -0.987830200000E+04   0.780958368887E-01   0.739696818119E-01  -0.250488704732E-01
       1032   0.319661900000E+05  -0.993578000000E+04   0.663208979815E-01   0.616351040224E-01  -0.244862300328E-01
       1033   0.316637800000E+05  -0.985212000000E+04   0.601470255850E-01   0.531944746247E-01  -0.280715613411E-01
       1034   0.333791700000E+05  -0.959251000000E+04   0.170914664396E+00   0.162907450211E+00  -0.517009204107E-01
       1035   0.330355900000E+05  -0.959398400000E+04   0.160327476449E+00   0.147961999354E+00  -0.617425821590E-01
       1037   0.339286900000E+05  -0.933454000000E+04   0.163393580377E+00   0.162815604050E+00  -0.137310300557E-01
       1036   0.336033800000E+05  -0.929924600000E+04   0.182549185897E+00   0.177060659024E+00  -0.444266620165E-01
       1038   0.346376400000E+05  -0.935806800000E+04   0.126250952799E+00   0.108445062308E+00   0.646449653393E-01
       1039   0.342930900000E+05  -0.926265500000E+04   0.138892661756E+00   0.133448168318E+00   0.385065950492E-01
       1076   0.304465100000E+05  -0.960878600000E+04   0.679992610742E-01  -0.548878000665E-01   0.401401159752E-01
       1075   0.300697700000E+05  -0.974290900000E+04   0.905294759265E-01   0.763942050215E-01  -0.485748026313E-01
       1077   0.313442700000E+05  -0.975657100000E+04   0.571814235349E-01  -0.505058348981E-01   0.268118600385E-01
       1078   0.310387100000E+05  -0.960941600000E+04   0.605874970701E-01  -0.515286614633E-01   0.318691363081E-01
       1079   0.307336700000E+05  -0.942422800000E+04   0.660974773383E-01  -0.542079645570E-01   0.378202735192E-01
       1080   0.326923000000E+05  -0.959482200000E+04   0.139890501949E+00   0.124487082934E+00  -0.638147217967E-01
       1081   0.323443200000E+05  -0.960075800000E+04   0.114890933120E+00   0.978278900745E-01  -0.602464143070E-01
       1082   0.319761400000E+05  -0.961526500000E+04   0.830100877186E-01   0.668099013164E-01  -0.492657259070E-01
       1083   0.316332600000E+05  -0.957686200000E+04   0.669677149446E-01   0.561982140117E-01  -0.364202634092E-01
       1084   0.332339000000E+05  -0.929653900000E+04   0.191800056095E+00   0.179310208233E+00  -0.680816476122E-01
       1085   0.328832100000E+05  -0.929210300000E+04   0.186881364786E+00   0.168686571927E+00  -0.804331085811E-01
       1087   0.339401100000E+05  -0.901015400000E+04   0.144364087168E+00   0.144272917020E+00   0.512982244629E-02
       1086   0.335160700000E+05  -0.903970700000E+04   0.176349883097E+00   0.170671760304E+00  -0.443895427228E-01
       1088   0.346904500000E+05  -0.908224900000E+04   0.130506734789E+00   0.102821184313E+00   0.803729549147E-01
       1089   0.343571000000E+05  -0.889760600000E+04   0.132084548590E+00   0.105815979082E+00   0.790525556007E-01
       1130   0.301430400000E+05  -0.939864100000E+04   0.104026148923E+00   0.971920134999E-01  -0.370830442598E-01
       1124   0.297713200000E+05  -0.953802600000E+04   0.119713311003E+00   0.975016844756E-01  -0.694600486298E-01
       1131   0.304291800000E+05  -0.920265500000E+04   0.919276876456E-01   0.919034486787E-01   0.211089479275E-02
       1132   0.313550500000E+05  -0.942093600000E+04   0.650321001151E-01   0.509608094852E-01  -0.404001230444E-01
       1133   0.310389900000E+05  -0.924782800000E+04   0.730090690438E-01   0.398960853174E-01   0.611443091300E-01
       1134   0.307249700000E+05  -0.901804600000E+04   0.871166067096E-01   0.780782189409E-01   0.386405860672E-01
       1135   0.325143200000E+05  -0.930097300000E+04   0.167156866257E+00   0.144123608119E+00  -0.846746923224E-01
       1136   0.321453800000E+05  -0.930920900000E+04   0.136372755038E+00   0.111176387293E+00  -0.789768271397E-01
       1137   0.317473600000E+05  -0.926389100000E+04   0.106379171061E+00   0.837019128555E-01  -0.656545338879E-01
       1139   0.331684100000E+05  -0.893944800000E+04   0.195843858389E+00   0.179931595840E+00  -0.773268238536E-01
       1138   0.327566800000E+05  -0.898969900000E+04   0.201122832700E+00   0.175384109252E+00  -0.984419019275E-01
       1140   0.336185400000E+05  -0.874951900000E+04   0.140255878068E+00   0.139058011750E+00  -0.182915472479E-01
       1141   0.340358700000E+05  -0.864553500000E+04   0.128211815292E+00   0.104264338539E+00   0.746137875310E-01
       1142   0.346877400000E+05  -0.868684700000E+04   0.129036709667E+00   0.124216316389E+00   0.349396506060E-01
       1143   0.343761900000E+05  -0.851667300000E+04   0.129909093625E+00   0.115428203297E+00   0.596045509173E-01
       1185   0.298467900000E+05  -0.916240700000E+04   0.138644529509E+00   0.121568943711E+00  -0.666580639350E-01
       1125   0.294695000000E+05  -0.930937000000E+04   0.148542177596E+00   0.116616945265E+00  -0.920068834487E-01
       1186   0.295401900000E+05  -0.897118600000E+04   0.166115102442E+00   0.135132310287E+00  -0.966099683043E-01
       1126   0.291636300000E+05  -0.905892800000E+04   0.171575712930E+00   0.131020402605E+00  -0.110778514924E+00
       1187   0.292947600000E+05  -0.868891600000E+04   0.193484328624E+00   0.147595034969E+00  -0.125107518062E+00
       1127   0.288526800000E+05  -0.878869800000E+04   0.188493422490E+00   0.140095973689E+00  -0.126106655170E+00
       1188   0.289778700000E+05  -0.840619000000E+04   0.211242448399E+00   0.151290988230E+00  -0.147425943735E+00
       1128   0.285352100000E+05  -0.850072200000E+04   0.198332551928E+00   0.145009433692E+00  -0.135307299488E+00
       1189   0.286541600000E+05  -0.808918300000E+04   0.221958319633E+00   0.150094540836E+00  -0.163514905944E+00
       1129   0.282094500000E+05  -0.819717800000E+04   0.200544857350E+00   0.145021449348E+00  -0.138517215676E+00
       1190   0.283342200000E+05  -0.776229800000E+04   0.224458126339E+00   0.150737656145E+00  -0.166311784006E+00
       1175   0.278731600000E+05  -0.788050800000E+04   0.198430686921E+00   0.143021706446E+00  -0.137548278788E+00
       1191   0.301224600000E+05  -0.894897200000E+04   0.127697568226E+00   0.123529814201E+00  -0.323582127821E-01
       1192   0.304266100000E+05  -0.875425200000E+04   0.112898553765E+00   0.112780362137E+00   0.516462567916E-02
       1193   0.313998500000E+05  -0.906674100000E+04   0.973814854495E-01   0.735573281659E-01  -0.638159320347E-01
       1194   0.310792400000E+05  -0.890767200000E+04   0.881828009104E-01   0.539814406544E-01   0.697295521374E-01
       1195   0.308309500000E+05  -0.864019300000E+04   0.968908263395E-01   0.948070561161E-01   0.199863538285E-01
       1196   0.323622200000E+05  -0.898701300000E+04   0.189056744963E+00   0.155335497813E+00  -0.107765188884E+00
       1197   0.320141200000E+05  -0.899782100000E+04   0.161588225464E+00   0.126687972140E+00  -0.100304099237E+00
       1198   0.317025800000E+05  -0.883553100000E+04   0.152166885601E+00   0.115108174656E+00  -0.995232093576E-01
       1200   0.329198000000E+05  -0.863292700000E+04   0.185375452084E+00   0.159900560223E+00  -0.937862947122E-01
       1199   0.325512600000E+05  -0.870764900000E+04   0.201458987127E+00   0.164560235083E+00  -0.116213822429E+00
       1201   0.333078600000E+05  -0.852247300000E+04   0.138756317267E+00   0.131787412286E+00  -0.434211186458E-01
       1202   0.337233800000E+05  -0.838065400000E+04   0.126240665797E+00  -0.461721921547E-01   0.117493975899E+00
       1203   0.341187800000E+05  -0.824419600000E+04   0.116349338235E+00  -0.455747476071E-01   0.107051907448E+00
       1144   0.349624900000E+05  -0.847021000000E+04   0.175467305625E+00   0.165298437358E+00  -0.588659659748E-01
       1204   0.345965900000E+05  -0.821345400000E+04   0.140713733457E+00  -0.580664493328E-01   0.128174265144E+00
       1205   0.350285800000E+05  -0.808649800000E+04   0.207722484574E+00   0.179347297463E+00  -0.104800655963E+00
       1233   0.279940300000E+05  -0.742470900000E+04   0.223526179312E+00   0.144446727772E+00  -0.170584570445E+00
       1176   0.275236200000E+05  -0.755364000000E+04   0.187962460026E+00   0.136543926280E+00  -0.129172917344E+00
       1234   0.276394300000E+05  -0.707945400000E+04   0.212024203447E+00   0.135528613654E+00  -0.163052929224E+00
       1177   0.271574200000E+05  -0.722029800000E+04   0.198895605377E+00  -0.148432678161E+00   0.132390339119E+00
       1235   0.272657200000E+05  -0.673086100000E+04   0.189651165727E+00   0.120613464128E+00  -0.146355583879E+00
       1182   0.267702600000E+05  -0.688552200000E+04   0.211268401326E+00  -0.162164103978E+00   0.135414699275E+00
       1238   0.253696800000E+05  -0.542161500000E+04   0.284116338163E+00  -0.265095452204E+00   0.102208095728E+00
       1181   0.254228800000E+05  -0.596501600000E+04   0.279206747624E+00  -0.249634728933E+00   0.125055627741E+00
       1239   0.259434700000E+05  -0.567784300000E+04   0.232097621928E+00  -0.204807711093E+00   0.109192983207E+00
       1183   0.259101300000E+05  -0.624411800000E+04   0.235963903358E+00  -0.198211268347E+00   0.128028343691E+00
       1240   0.268718100000E+05  -0.637870300000E+04   0.174003050865E+00   0.131758026293E+00  -0.113652471234E+00
       1184   0.263567200000E+05  -0.655652300000E+04   0.210375571450E+00  -0.167553426016E+00   0.127215291899E+00
       1241   0.264406300000E+05  -0.604446100000E+04   0.191174986710E+00  -0.158310442822E+00   0.107171261246E+00
       1242   0.297741000000E+05  -0.867304800000E+04   0.166820457161E+00   0.147065180037E+00  -0.787457792393E-01
       1243   0.294609200000E+05  -0.832934100000E+04   0.191870276607E+00   0.150971447404E+00  -0.118413787686E+00
       1244   0.291322900000E+05  -0.807655600000E+04   0.211253183982E+00   0.149681494789E+00  -0.149075007497E+00
       1245   0.288857800000E+05  -0.774788200000E+04   0.225206744320E+00   0.144565671013E+00  -0.172681337878E+00
       1246   0.285588600000E+05  -0.740863200000E+04   0.230388377196E+00   0.135533981199E+00  -0.186304439795E+00
       1247   0.301190200000E+05  -0.846965000000E+04   0.137723966943E+00   0.135287802844E+00  -0.257895613003E-01
       1248   0.305275000000E+05  -0.835345600000E+04   0.114795667249E+00   0.114539735733E+00   0.766121122391E-02
       1249   0.313310400000E+05  -0.861691100000E+04   0.139507083104E+00   0.984596855016E-01  -0.988327707140E-01
       1250   0.310100300000E+05  -0.830611300000E+04   0.135165374766E+00   0.889584293556E-01  -0.101764809155E+00
       1251   0.321527800000E+05  -0.861779400000E+04   0.204292831736E+00   0.154414933888E+00  -0.133759445615E+00
       1252   0.317939200000E+05  -0.839748000000E+04   0.193463873995E+00   0.135291720346E+00  -0.138291073274E+00
       1253   0.325922600000E+05  -0.836258400000E+04   0.185503630139E+00   0.141727937864E+00  -0.119686208159E+00
       1254   0.330030300000E+05  -0.823226000000E+04   0.129379570903E+00   0.110562941748E+00  -0.671930746363E-01
       1255   0.334083000000E+05  -0.810421600000E+04   0.115286300466E+00  -0.598651016471E-01   0.985246196634E-01
       1256   0.338043000000E+05  -0.796503800000E+04   0.125716928401E+00  -0.659648025255E-01   0.107020516325E+00
       1257   0.342683200000E+05  -0.789054400000E+04   0.171386449463E+00  -0.957176786323E-01   0.142166947835E+00
       1258   0.347163200000E+05  -0.781173100000E+04   0.177991607346E+00  -0.107648681487E+00   0.141748981160E+00
       1259   0.351971400000E+05  -0.775739400000E+04   0.224772083808E+00   0.166967893753E+00  -0.150479939244E+00
       1285   0.282196000000E+05  -0.705490000000E+04   0.233574082186E+00   0.138451230250E+00  -0.188117273825E+00
       1286   0.278637600000E+05  -0.669384300000E+04   0.225120561786E+00   0.125874069485E+00  -0.186641329749E+00
       1287   0.274809400000E+05  -0.632832900000E+04   0.204672571067E+00   0.108356786300E+00  -0.173636598130E+00
       1292   0.265730500000E+05  -0.557314700000E+04   0.185015768099E+00  -0.160584229190E+00   0.918887358739E-01
       1291   0.261730300000E+05  -0.523148400000E+04   0.213013502088E+00  -0.193676733063E+00   0.886796207803E-01
       1290   0.256913200000E+05  -0.504020800000E+04   0.249005145701E+00  -0.233821633222E+00   0.856212965489E-01
       1293   0.270695300000E+05  -0.591417600000E+04   0.171919601251E+00   0.793320649890E-01  -0.152521384595E+00
       1294   0.298128000000E+05  -0.815621800000E+04   0.157222491431E+00   0.145485893002E+00  -0.596050899593E-01
       1295   0.294552100000E+05  -0.781329400000E+04   0.181163785988E+00   0.143093248983E+00  -0.111106432977E+00
       1296   0.291310200000E+05  -0.741581600000E+04   0.196389997784E+00   0.116638311986E+00  -0.158001694315E+00
       1297   0.288015100000E+05  -0.705222000000E+04   0.211132057139E+00   0.967116855733E-01  -0.187679501878E+00
       1298   0.302260200000E+05  -0.803824800000E+04   0.128033815457E+00   0.127428700875E+00  -0.124331851811E-01
       1299   0.306971700000E+05  -0.797964600000E+04   0.128712180836E+00   0.874845551305E-01  -0.944101589303E-01
       1300   0.314862000000E+05  -0.811922900000E+04   0.184696934596E+00   0.119919826063E+00  -0.140471324356E+00
       1301   0.311523100000E+05  -0.789628800000E+04   0.168840969559E+00   0.106376622906E+00  -0.131115548661E+00
       1302   0.322517500000E+05  -0.812769400000E+04   0.190333585452E+00   0.126597022682E+00  -0.142126941849E+00
       1303   0.319332000000E+05  -0.783617800000E+04   0.184904481901E+00   0.107255872837E+00  -0.150618209952E+00
       1304   0.326827500000E+05  -0.793416200000E+04   0.127945619487E+00   0.828086115334E-01  -0.975336629161E-01
       1305   0.330947000000E+05  -0.779904200000E+04   0.107123777008E+00  -0.747657928773E-01   0.767175326505E-01
       1306   0.334926900000E+05  -0.765897000000E+04   0.127904191192E+00  -0.769862654284E-01   0.102140085471E+00
       1307   0.339511500000E+05  -0.758197900000E+04   0.186552641855E+00  -0.118552640142E+00   0.144038743741E+00
       1308   0.344079900000E+05  -0.750521900000E+04   0.213924716768E+00  -0.134252320843E+00   0.166553591353E+00
       1309   0.348881700000E+05  -0.746147200000E+04   0.187141286920E+00  -0.131021232146E+00   0.133623717943E+00
       1334   0.284627500000E+05  -0.668286200000E+04   0.220105869770E+00   0.102572296130E+00  -0.194744750824E+00
       1335   0.281084000000E+05  -0.631048500000E+04   0.221405464706E+00   0.923697639501E-01  -0.201216814679E+00
       1336   0.277340600000E+05  -0.594537700000E+04   0.212156637495E+00   0.825521597743E-01  -0.195436894546E+00
       1339   0.260547500000E+05  -0.465873800000E+04   0.212946723187E+00  -0.200574358927E+00   0.715278509192E-01
       1340   0.265530900000E+05  -0.496398700000E+04   0.187953427990E+00  -0.170728523147E+00   0.786019241333E-01
       1341   0.269959400000E+05  -0.529921900000E+04   0.166994302366E+00  -0.144357643363E+00   0.839521758221E-01
       1342   0.274185600000E+05  -0.557162000000E+04   0.195094573290E+00   0.725522243024E-01  -0.181102366842E+00
       1343   0.299210700000E+05  -0.770283600000E+04   0.136063386693E+00   0.132624381808E+00  -0.303976734053E-01
       1344   0.296169000000E+05  -0.734908700000E+04   0.139938809170E+00   0.125262793785E+00  -0.623867197810E-01
       1346   0.293041800000E+05  -0.698140800000E+04   0.164447392954E+00   0.312813002070E-01  -0.161444805759E+00
       1345   0.289788900000E+05  -0.660373700000E+04   0.190326458841E+00   0.413775301488E-01  -0.185774220315E+00
       1347   0.304100300000E+05  -0.763824700000E+04   0.121706971771E+00   0.103600078289E+00  -0.638718306940E-01
       1348   0.309511200000E+05  -0.753509100000E+04   0.163037514007E+00   0.995299323612E-01  -0.129131806840E+00
       1349   0.315637000000E+05  -0.750027800000E+04   0.176750048685E+00   0.924162843663E-01  -0.150664561507E+00
       1350   0.323704600000E+05  -0.761864500000E+04   0.132131706972E+00   0.592082759911E-01  -0.118123528738E+00
       1351   0.320566000000E+05  -0.728657500000E+04   0.135116510027E+00   0.463262526029E-01  -0.126926551997E+00
       1352   0.327865700000E+05  -0.747251400000E+04   0.105053708637E+00  -0.833975600201E-01   0.638837121736E-01
       1353   0.331850100000E+05  -0.732663600000E+04   0.126726285934E+00  -0.889243027958E-01   0.902885370290E-01
       1354   0.336438700000E+05  -0.725133200000E+04   0.184419092209E+00  -0.130066691030E+00   0.130740420130E+00
       1355   0.341025900000E+05  -0.717715300000E+04   0.227045664311E+00  -0.146412694424E+00   0.173531140128E+00
       1356   0.345843700000E+05  -0.713945200000E+04   0.220977165048E+00  -0.146529133039E+00   0.165408949708E+00
       1379   0.286353000000E+05  -0.622172900000E+04   0.205527427225E+00   0.488166704240E-01  -0.199645826479E+00
       1380   0.282789000000E+05  -0.583813200000E+04   0.214594263818E+00   0.649207207539E-01  -0.204538500240E+00
       1381   0.279057500000E+05  -0.545638900000E+04   0.214698407279E+00   0.777234898184E-01  -0.200136116727E+00
       1383   0.265740100000E+05  -0.441043400000E+04   0.215396343331E+00   0.197115328428E+00  -0.868396914965E-01
       1382   0.260305000000E+05  -0.406839000000E+04   0.225857923840E+00   0.216801060220E+00  -0.633174703288E-01
       1384   0.270551800000E+05  -0.473617400000E+04   0.204957754772E+00   0.167093828175E+00  -0.118690074677E+00
       1385   0.274936800000E+05  -0.508188200000E+04   0.207636064359E+00   0.962256439823E-01  -0.183992827748E+00
       1387   0.301108600000E+05  -0.727935000000E+04   0.121624905916E+00   0.117095614373E+00  -0.328821354777E-01
       1388   0.298107200000E+05  -0.690286200000E+04   0.119474949654E+00   0.116178078708E+00  -0.278732420513E-01
       1389   0.294946400000E+05  -0.653605800000E+04   0.151167324098E+00   0.700696412968E-02  -0.151004842070E+00
       1386   0.291474500000E+05  -0.613815800000E+04   0.185375782828E+00   0.383560002025E-01  -0.181364269104E+00
       1391   0.306534800000E+05  -0.717722200000E+04   0.141899743530E+00   0.965939879235E-01  -0.103947769148E+00
       1392   0.312675400000E+05  -0.706959000000E+04   0.154952895603E+00   0.746437233396E-01  -0.135789227930E+00
       1393   0.317598800000E+05  -0.691682800000E+04   0.127437227961E+00   0.404012603558E-01  -0.120863498344E+00
       1394   0.324882300000E+05  -0.712396800000E+04   0.103677787603E+00  -0.853665805693E-01   0.588356232578E-01
       1395   0.321783500000E+05  -0.682509000000E+04   0.100100381909E+00   0.125445652321E-01  -0.993112296843E-01
       1396   0.328815200000E+05  -0.696630700000E+04   0.122712217238E+00  -0.922506082288E-01   0.809204148580E-01
       1397   0.333442700000E+05  -0.689645900000E+04   0.167414866137E+00  -0.128175403810E+00   0.107697740283E+00
       1398   0.338047300000E+05  -0.682381200000E+04   0.217146456865E+00  -0.142997160657E+00   0.163414796677E+00
       1399   0.342877200000E+05  -0.679106100000E+04   0.231593296328E+00  -0.145102918622E+00   0.180500963741E+00
       1422   0.288166200000E+05  -0.574688000000E+04   0.203495787932E+00   0.617323435454E-01  -0.193906300740E+00
       1423   0.284492800000E+05  -0.535444400000E+04   0.216397265782E+00   0.839601084057E-01  -0.199445423198E+00
       1424   0.280631300000E+05  -0.496646000000E+04   0.224542699270E+00   0.108793959958E+00  -0.196426317158E+00
       1425   0.267342500000E+05  -0.393028800000E+04   0.233812168976E+00   0.207153131940E+00  -0.108423753342E+00
       1426   0.272079300000E+05  -0.424071700000E+04   0.231424416140E+00   0.185941903867E+00  -0.137778332012E+00
       1427   0.276499500000E+05  -0.459420900000E+04   0.225324389288E+00   0.152792285051E+00  -0.165606757221E+00
       1390   0.296016700000E+05  -0.607013700000E+04   0.149385240855E+00   0.181656808133E-01  -0.148276627375E+00
       1428   0.293689000000E+05  -0.563747700000E+04   0.176781662828E+00   0.552539465203E-01  -0.167924857321E+00
       1429   0.303532200000E+05  -0.679193800000E+04   0.119068675162E+00   0.985626543542E-01  -0.668038365036E-01
       1430   0.300466500000E+05  -0.634976700000E+04   0.103539999792E+00  -0.142434217607E-01  -0.102555626338E+00
       1431   0.299329000000E+05  -0.574750900000E+04   0.130783510816E+00   0.231900009610E-01  -0.128711112795E+00
       1432   0.309734100000E+05  -0.667691200000E+04   0.132287653662E+00   0.691880182447E-01  -0.112752123895E+00
       1433   0.314791300000E+05  -0.651388000000E+04   0.120296657422E+00   0.430010336377E-01  -0.112348550917E+00
       1434   0.319617000000E+05  -0.643749900000E+04   0.101770975668E+00   0.219594786513E-01  -0.993736020574E-01
       1435   0.325356700000E+05  -0.656710200000E+04   0.114438055293E+00  -0.882952297843E-01   0.728012424106E-01
       1436   0.330475800000E+05  -0.651903000000E+04   0.138333924099E+00  -0.112670814686E+00   0.802593426002E-01
       1437   0.335150400000E+05  -0.644518100000E+04   0.187903724824E+00  -0.126113675990E+00   0.139295192060E+00
       1438   0.340001700000E+05  -0.641617700000E+04   0.219311805918E+00  -0.129063192623E+00   0.177314298705E+00
       1458   0.267617900000E+05  -0.336533300000E+04   0.243900212100E+00   0.218803150798E+00  -0.107761285548E+00
       1420   0.263003900000E+05  -0.362049300000E+04   0.238591331819E+00   0.222490529686E+00  -0.861614056230E-01
       1460   0.289674200000E+05  -0.526341900000E+04   0.200846678599E+00   0.851935299462E-01  -0.181883068920E+00
       1461   0.286097200000E+05  -0.485696800000E+04   0.215894355636E+00   0.113781515294E+00  -0.183477899412E+00
       1462   0.282238700000E+05  -0.446091300000E+04   0.227557829208E+00   0.139138877016E+00  -0.180063706883E+00
       1463   0.273210500000E+05  -0.368516900000E+04   0.243248068110E+00   0.201040067410E+00  -0.136939818661E+00
       1464   0.277997700000E+05  -0.408981000000E+04   0.238985679821E+00   0.176885481464E+00  -0.160703707507E+00
       1466   0.297670100000E+05  -0.526019300000E+04   0.149911869713E+00   0.564556093331E-01  -0.138875242054E+00
       1465   0.293992500000E+05  -0.517192600000E+04   0.177899748887E+00   0.800560478329E-01  -0.158868970726E+00
       1467   0.306899100000E+05  -0.626989400000E+04   0.108203587326E+00   0.707425309094E-01  -0.818749695012E-01
       1468   0.304225100000E+05  -0.587874500000E+04   0.103994763803E+00   0.644350663656E-01  -0.816274042271E-01
       1469   0.303065300000E+05  -0.540239500000E+04   0.116317207755E+00   0.323670465598E-01  -0.111723171800E+00
       1470   0.311975900000E+05  -0.609071400000E+04   0.108595086662E+00   0.499365836990E-01  -0.964325176257E-01
       1471   0.316846800000E+05  -0.602663700000E+04   0.104053659973E+00   0.362540933520E-01  -0.975336089197E-01
       1472   0.322552900000E+05  -0.610697900000E+04   0.103668817439E+00  -0.663506290146E-01   0.796543642151E-01
       1473   0.327703500000E+05  -0.611886300000E+04   0.111987288383E+00  -0.771157085300E-01   0.812054201231E-01
       1474   0.332377600000E+05  -0.604133600000E+04   0.148975213002E+00  -0.100741410824E+00   0.109748723155E+00
       1475   0.337237200000E+05  -0.601482500000E+04   0.188202288349E+00  -0.103503634162E+00   0.157184919935E+00
       1495   0.271705800000E+05  -0.303573300000E+04   0.242449665354E+00   0.212337036134E+00  -0.117024883319E+00
       1459   0.266597500000E+05  -0.274429700000E+04   0.254211427411E+00   0.238081938074E+00  -0.891091498608E-01
       1497   0.271633600000E+05  -0.245019700000E+04   0.240489742694E+00   0.220770315883E+00  -0.953718195597E-01
       1498   0.291251500000E+05  -0.478265800000E+04   0.193533144745E+00   0.104964776850E+00  -0.162596044650E+00
       1499   0.288029700000E+05  -0.436080500000E+04   0.207962846699E+00   0.131572220940E+00  -0.161050601625E+00
       1500   0.284723800000E+05  -0.393268200000E+04   0.220954506177E+00   0.157541590033E+00  -0.154924308001E+00
       1501   0.280590100000E+05  -0.361751900000E+04   0.235435593305E+00   0.177307170253E+00  -0.154893789326E+00
       1496   0.276305900000E+05  -0.327865700000E+04   0.239890914310E+00   0.195612739458E+00  -0.138864347225E+00
       1503   0.295486400000E+05  -0.476371000000E+04   0.173129259151E+00   0.912405429164E-01  -0.147135664278E+00
       1504   0.300650000000E+05  -0.492212000000E+04   0.137376494887E+00   0.663621784967E-01  -0.120284506952E+00
       1505   0.308885100000E+05  -0.562890000000E+04   0.102461756189E+00   0.593413990651E-01  -0.835284971625E-01
       1506   0.306497400000E+05  -0.508801000000E+04   0.102116704497E+00   0.609819736018E-01  -0.819086090289E-01
       1507   0.314168700000E+05  -0.558820500000E+04   0.104317319630E+00   0.461701898338E-01  -0.935436622414E-01
       1508   0.319835500000E+05  -0.566998200000E+04   0.105165720179E+00  -0.661746601297E-01   0.817358125757E-01
       1509   0.325071600000E+05  -0.568620600000E+04   0.106311460515E+00  -0.645895710160E-01   0.844411863533E-01
       1510   0.329739100000E+05  -0.561244900000E+04   0.112238507615E+00  -0.734359793692E-01   0.848801480067E-01
       1511   0.334603900000E+05  -0.558717500000E+04   0.149131016113E+00  -0.759461609425E-01   0.128344227004E+00
       1530   0.276987800000E+05  -0.276541800000E+04   0.231391445263E+00   0.193024173387E+00  -0.127607481870E+00
       1502   0.281248600000E+05  -0.318908000000E+04   0.226047411232E+00   0.179844568839E+00  -0.136942919437E+00
       1531   0.275917600000E+05  -0.214342000000E+04   0.219290313698E+00   0.196733081650E+00  -0.968727839302E-01
       1533   0.292932600000E+05  -0.428317600000E+04   0.184952641557E+00   0.118245650251E+00  -0.142216193929E+00
       1534   0.290456300000E+05  -0.379091400000E+04   0.194437170665E+00   0.137936517328E+00  -0.137037697455E+00
       1535   0.287556000000E+05  -0.327194800000E+04   0.207695437516E+00   0.156263661352E+00  -0.136817626444E+00
       1532   0.283133600000E+05  -0.288984100000E+04   0.218027524534E+00   0.174113505643E+00  -0.131226859321E+00
       1536   0.298342200000E+05  -0.442089000000E+04   0.150010890836E+00   0.896918413418E-01  -0.120244089111E+00
       1537   0.304126900000E+05  -0.459073400000E+04   0.108504594705E+00   0.630108570503E-01  -0.883339060943E-01
       1538   0.311712100000E+05  -0.513090500000E+04   0.991298393944E-01  -0.667311129869E-01   0.733054132919E-01
       1539   0.309430400000E+05  -0.464412000000E+04   0.991413428280E-01   0.572360717541E-01  -0.809508366103E-01
       1540   0.317322400000E+05  -0.521437900000E+04   0.104700994181E+00   0.377742941504E-01  -0.976493772833E-01
       1541   0.322555300000E+05  -0.523428100000E+04   0.108074907560E+00  -0.639931474520E-01   0.870922655773E-01
       1542   0.327252100000E+05  -0.515757900000E+04   0.106052166985E+00  -0.586915191776E-01   0.883310121009E-01
       1543   0.332121700000E+05  -0.513353500000E+04   0.114676249074E+00  -0.530092610715E-01   0.101689037473E+00
       1561   0.281381400000E+05  -0.241798100000E+04   0.211478303022E+00   0.174490072596E+00  -0.119483418157E+00
       1563   0.287181200000E+05  -0.262572800000E+04   0.197670170040E+00   0.156479897731E+00  -0.120778879485E+00
       1564   0.296202700000E+05  -0.390593500000E+04   0.158662047624E+00   0.108858273586E+00  -0.115427560088E+00
       1565   0.294185200000E+05  -0.337225800000E+04   0.168693747349E+00   0.124134986494E+00  -0.114228216842E+00
       1566   0.292532900000E+05  -0.284440900000E+04   0.177869680291E+00   0.138224070721E+00  -0.111945207312E+00
       1567   0.301985600000E+05  -0.408235800000E+04   0.118849839428E+00   0.783129416739E-01  -0.894000419381E-01
       1568   0.307290500000E+05  -0.413922700000E+04   0.977295787566E-01   0.594279578251E-01  -0.775847175202E-01
       1569   0.314983600000E+05  -0.473778500000E+04   0.105760699018E+00   0.412732735668E-01  -0.973747520965E-01
       1570   0.312761000000E+05  -0.424519400000E+04   0.101934581055E+00   0.423959121363E-01  -0.926997597029E-01
       1571   0.320216400000E+05  -0.475946900000E+04   0.110495321191E+00   0.352015594212E-01  -0.104738083902E+00
       1572   0.324922600000E+05  -0.467761000000E+04   0.105175432461E+00  -0.559577767001E-01   0.890539096291E-01
       1573   0.329811100000E+05  -0.465435100000E+04   0.102353074051E+00  -0.432273732904E-01   0.927768611567E-01
       1591   0.285730500000E+05  -0.205652500000E+04   0.183241175829E+00   0.147489368643E+00  -0.108739204782E+00
       1593   0.291274700000E+05  -0.226635900000E+04   0.177323153571E+00   0.137916740898E+00  -0.111456149999E+00
       1594   0.300048400000E+05  -0.355777400000E+04   0.130232462265E+00   0.967806100062E-01  -0.871436042078E-01
       1595   0.298415400000E+05  -0.302155300000E+04   0.145084047079E+00   0.121047533231E+00  -0.799804689620E-01
       1596   0.296398700000E+05  -0.253122400000E+04   0.160292172561E+00   0.135718158514E+00  -0.852886981602E-01
       1597   0.305329900000E+05  -0.361417100000E+04   0.992844640863E-01   0.988593149195E-01   0.917827121838E-02
       1598   0.310759800000E+05  -0.372008500000E+04   0.954172005457E-01   0.543977372090E-01  -0.783921446735E-01
       1599   0.318106300000E+05  -0.426470800000E+04   0.119506174259E+00   0.430151106978E-01  -0.111496304592E+00
       1600   0.315710300000E+05  -0.382754500000E+04   0.121044291923E+00   0.497739001273E-01  -0.110337117387E+00
       1601   0.322775900000E+05  -0.416880600000E+04   0.128568343747E+00   0.449737054369E-01  -0.120445775489E+00
       1602   0.327692200000E+05  -0.415020000000E+04   0.115523782843E+00   0.418211654144E-01  -0.107688135492E+00
       1622   0.303621200000E+05  -0.306843000000E+04   0.123777757309E+00   0.119362853527E+00   0.327634308695E-01
       1623   0.301633200000E+05  -0.246777100000E+04   0.145733390655E+00   0.136688867705E+00   0.505408210983E-01
       1624   0.309071900000E+05  -0.318565100000E+04   0.104984883345E+00   0.104364939064E+00   0.113923318547E-01
       1625   0.314662900000E+05  -0.332518800000E+04   0.124053619144E+00   0.649022796942E-01  -0.105721305862E+00
       1626   0.320344600000E+05  -0.361094600000E+04   0.144196762005E+00   0.539502172507E-01  -0.133723895514E+00
       1627   0.325785700000E+05  -0.362179400000E+04   0.138193749539E+00   0.438590177794E-01  -0.131049223466E+00
       1647   0.307462400000E+05  -0.263253700000E+04   0.129518723257E+00   0.122165186691E+00   0.430205396860E-01
       1649   0.313039300000E+05  -0.278027200000E+04   0.115924389783E+00   0.903211229165E-01  -0.726674542120E-01
       1650   0.318824300000E+05  -0.299742600000E+04   0.139431358471E+00   0.651940224481E-01  -0.123251138584E+00
       1651   0.324112400000E+05  -0.306998000000E+04   0.137850383335E+00   0.380281663656E-01  -0.132501270743E+00
       1673   0.317377600000E+05  -0.242212400000E+04   0.107055352836E+00   0.716419749845E-01  -0.795504619170E-01
       1674   0.322693300000E+05  -0.249574800000E+04   0.110588759313E+00   0.265634207148E-01  -0.107351098580E+00
       2594   0.544842100000E+05   0.101978900000E+05   0.116434992434E+00  -0.116383099433E+00  -0.347586385881E-02
       2599   0.544842100000E+05   0.102652600000E+05   0.126940007595E+00  -0.126920829989E+00  -0.220645486679E-02
       2595   0.543157900000E+05   0.102614000000E+05   0.130663692148E+00  -0.130642270743E+00  -0.236591231035E-02
       2600   0.543157900000E+05   0.103307000000E+05   0.137667203835E+00  -0.137657858187E+00  -0.160408575977E-02
       2596   0.541473700000E+05   0.103287700000E+05   0.141718867895E+00  -0.141708165192E+00  -0.174167596415E-02
       2598   0.546526300000E+05   0.102036800000E+05   0.113519446448E+00  -0.113470153049E+00  -0.334500951978E-02
       2603   0.546526300000E+05   0.102691200000E+05   0.122881323676E+00  -0.122864250984E+00  -0.204830137904E-02
       2604   0.544842100000E+05   0.103326300000E+05   0.133015028798E+00  -0.133007056000E+00  -0.145634485846E-02
       2605   0.543157900000E+05   0.104000000000E+05   0.137418937872E+00  -0.137418234760E+00  -0.439592297876E-03
       2601   0.541473700000E+05   0.104000000000E+05   0.141429492300E+00  -0.141428724090E+00  -0.466148594965E-03
       2602   0.548210500000E+05   0.102094700000E+05   0.110322764855E+00  -0.110270746788E+00  -0.338745452543E-02
       2607   0.548210500000E+05   0.102729800000E+05   0.118296150112E+00  -0.118281066561E+00  -0.188902741893E-02
       2608   0.546526300000E+05   0.103345600000E+05   0.127825834301E+00  -0.127818369037E+00  -0.138146714474E-02
       2609   0.544842100000E+05   0.104000000000E+05   0.132435379453E+00  -0.132434777486E+00  -0.399303206385E-03
       2606   0.549894700000E+05   0.102152600000E+05   0.107014630770E+00  -0.106969035357E+00  -0.312356747072E-02
       2611   0.549894700000E+05   0.102768400000E+05   0.113501344718E+00  -0.113488322880E+00  -0.171925061007E-02
       2612   0.548210500000E+05   0.103364900000E+05   0.121823875000E+00  -0.121817367627E+00  -0.125915228075E-02
       2613   0.546526300000E+05   0.104000000000E+05   0.126671533929E+00  -0.126671069437E+00  -0.343038709823E-03
       2610   0.551578900000E+05   0.102210500000E+05   0.102687182960E+00  -0.102635661375E+00  -0.325246958595E-02
       2615   0.551578900000E+05   0.102807000000E+05   0.107510759201E+00  -0.107496182174E+00  -0.177035646544E-02
       2616   0.549894700000E+05   0.103384200000E+05   0.115317812373E+00  -0.115312679328E+00  -0.108804250842E-02
       2617   0.548210500000E+05   0.104000000000E+05   0.119895266359E+00  -0.119894754722E+00  -0.350264921747E-03
       2614   0.553263200000E+05   0.102268400000E+05   0.982982059696E-01  -0.982570242503E-01  -0.284508037173E-02
       2619   0.553263200000E+05   0.102845600000E+05   0.101700205831E+00  -0.101691458317E+00  -0.133385590181E-02
       2620   0.551578900000E+05   0.103403500000E+05   0.107810202147E+00  -0.107803111092E+00  -0.123649745325E-02
       2621   0.549894700000E+05   0.104000000000E+05   0.112390750001E+00  -0.112390541007E+00  -0.216744181785E-03
       2618   0.554947400000E+05   0.102326300000E+05   0.931203675619E-01  -0.930705214749E-01  -0.304645486572E-02
       2623   0.554947400000E+05   0.102884200000E+05   0.997057410040E-01  -0.996897172437E-01  -0.178747448678E-02
       2624   0.553263200000E+05   0.103422800000E+05   0.101993270132E+00  -0.101980655057E+00  -0.160410296722E-02
       2625   0.551578900000E+05   0.104000000000E+05   0.103457002725E+00  -0.103456490639E+00  -0.325510967692E-03
       2622   0.556631600000E+05   0.102384200000E+05   0.928065249829E-01  -0.927804122769E-01  -0.220140344403E-02
       2627   0.556631600000E+05   0.102922800000E+05   0.975401496119E-01  -0.975301010551E-01  -0.140006232135E-02
       2628   0.554947400000E+05   0.103442100000E+05   0.103350961981E+00  -0.103339413610E+00  -0.154497154013E-02
       2629   0.553263200000E+05   0.104000000000E+05   0.100674291385E+00  -0.100674272895E+00  -0.610156771576E-04
       2626   0.558315800000E+05   0.102442100000E+05   0.104987775235E+00  -0.104918144373E+00  -0.382307862552E-02
       2631   0.558315800000E+05   0.102961400000E+05   0.105008514390E+00  -0.105006653268E+00  -0.625191093665E-03
       2632   0.556631600000E+05   0.103461400000E+05   0.102349160170E+00  -0.102337830098E+00  -0.152286522730E-02
       2633   0.554947400000E+05   0.104000000000E+05   0.104143814414E+00  -0.104138923442E+00  -0.100930915429E-02
       2630   0.560000000000E+05   0.102500000000E+05   0.109795378995E+00  -0.109790007548E+00  -0.108604393425E-02
       2634   0.560000000000E+05   0.103000000000E+05   0.108810426646E+00  -0.108806608348E+00  -0.911551800068E-03
       2635   0.558315800000E+05   0.103480700000E+05   0.105470270397E+00  -0.105464842304E+00  -0.107003528502E-02
       2636   0.556631600000E+05   0.104000000000E+05   0.103740545704E+00  -0.103739379112E+00   0.491980261313E-03
       2637   0.560000000000E+05   0.103500000000E+05   0.109221786947E+00  -0.109203897258E+00  -0.197675684218E-02
       2638   0.558315800000E+05   0.104000000000E+05   0.105311117526E+00  -0.105297050682E+00  -0.172121824054E-02
       2639   0.560000000000E+05   0.104000000000E+05   0.110244777261E+00  -0.110204787978E+00   0.296911097714E-02
       2590   0.543157900000E+05   0.101921100000E+05   0.119027888290E+00  -0.118978593809E+00  -0.342525998104E-02
