         372           8
        127   0.504421100000E+05  -0.104000000000E+05   0.152895640570E+00   0.152895560800E+00  -0.156182062050E-03
        132   0.504421100000E+05  -0.102863200000E+05   0.151307970585E+00  -0.151291449172E+00   0.223592708035E-02
        131   0.502736800000E+05  -0.104000000000E+05   0.153763181998E+00   0.153763162799E+00  -0.768375556369E-04
        136   0.502736800000E+05  -0.102843900000E+05   0.151043787281E+00  -0.151026135988E+00   0.230909613352E-02
        135   0.501052600000E+05  -0.104000000000E+05   0.155810209161E+00   0.155810128329E+00  -0.158710447174E-03
        137   0.504421100000E+05  -0.101726300000E+05   0.163792255806E+00  -0.163790922425E+00   0.660903108447E-03
        133   0.506105300000E+05  -0.101764900000E+05   0.167107227870E+00  -0.167103075375E+00   0.117805198573E-02
        138   0.506105300000E+05  -0.100647400000E+05   0.190484062210E+00  -0.190394434740E+00   0.584270281628E-02
        140   0.501052600000E+05  -0.102824600000E+05   0.151281001697E+00  -0.151268282191E+00   0.196170268223E-02
        139   0.499368400000E+05  -0.104000000000E+05   0.159674239904E+00   0.159674095345E+00  -0.214859468673E-03
        141   0.502736800000E+05  -0.101687700000E+05   0.161461919238E+00  -0.161457158780E+00   0.123985599823E-02
        142   0.504421100000E+05  -0.100589500000E+05   0.184065671427E+00  -0.183979367717E+00   0.563592515347E-02
        144   0.499368400000E+05  -0.102805300000E+05   0.152454799364E+00  -0.152436582322E+00   0.235673911279E-02
        143   0.497684200000E+05  -0.104000000000E+05   0.164417378929E+00   0.164417147759E+00  -0.275711206217E-03
        145   0.501052600000E+05  -0.101649100000E+05   0.160304091206E+00  -0.160292978429E+00   0.188751787401E-02
        146   0.502736800000E+05  -0.100531600000E+05   0.178015667542E+00  -0.177929499737E+00   0.553814172508E-02
        148   0.497684200000E+05  -0.102786000000E+05   0.153208674701E+00  -0.153186619835E+00   0.259952053363E-02
        147   0.496000000000E+05  -0.104000000000E+05   0.169049397672E+00   0.169048981699E+00  -0.375020005083E-03
        149   0.499368400000E+05  -0.101610500000E+05   0.159898481605E+00  -0.159882267946E+00   0.227701913413E-02
        150   0.501052600000E+05  -0.100473700000E+05   0.174029695174E+00  -0.173944292422E+00   0.545141597977E-02
        152   0.496000000000E+05  -0.102766700000E+05   0.153657564008E+00  -0.153632352081E+00   0.278340993427E-02
        151   0.494315800000E+05  -0.104000000000E+05   0.173260962764E+00   0.173260580640E+00  -0.363887871706E-03
        153   0.497684200000E+05  -0.101571900000E+05   0.159885069056E+00  -0.159864735469E+00   0.254983534517E-02
        154   0.499368400000E+05  -0.100415800000E+05   0.171746654354E+00  -0.171661459596E+00   0.540893437906E-02
        156   0.494315800000E+05  -0.102747400000E+05   0.154695693385E+00   0.154690825341E+00  -0.122723548024E-02
        155   0.492631600000E+05  -0.104000000000E+05   0.177182254678E+00   0.177181883982E+00  -0.362438215390E-03
        157   0.496000000000E+05  -0.101533300000E+05   0.160037335367E+00  -0.160013837089E+00   0.274238060334E-02
        158   0.497684200000E+05  -0.100357900000E+05   0.170476159853E+00  -0.170390437539E+00   0.540554102720E-02
        160   0.492631600000E+05  -0.102728100000E+05   0.157445408245E+00   0.157440416526E+00  -0.125372309301E-02
        159   0.490947400000E+05  -0.104000000000E+05   0.180202078844E+00   0.180201367620E+00  -0.506288129325E-03
        161   0.494315800000E+05  -0.101494700000E+05   0.160260822201E+00  -0.160235257970E+00   0.286238291644E-02
        162   0.496000000000E+05  -0.100300000000E+05   0.170083062004E+00  -0.169996571636E+00   0.542343182410E-02
        164   0.490947400000E+05  -0.102708800000E+05   0.160202122045E+00   0.160191577079E+00  -0.183808065700E-02
        163   0.489263200000E+05  -0.104000000000E+05   0.180981239016E+00   0.180980025211E+00  -0.662835237041E-03
        165   0.492631600000E+05  -0.101456100000E+05   0.161000131334E+00  -0.160905178555E+00   0.552863491097E-02
        166   0.494315800000E+05  -0.100242100000E+05   0.170158311948E+00  -0.170071243860E+00   0.544271408657E-02
        168   0.489263200000E+05  -0.102689500000E+05   0.162090302059E+00   0.162066700376E+00  -0.276598102519E-02
        167   0.487578900000E+05  -0.104000000000E+05   0.180092217234E+00   0.180091375489E+00  -0.550620493102E-03
        169   0.490947400000E+05  -0.101417500000E+05   0.160735215015E+00  -0.160707930840E+00   0.296147109849E-02
        170   0.492631600000E+05  -0.100184200000E+05   0.175039955019E+00  -0.174939002028E+00   0.594402410375E-02
        172   0.487578900000E+05  -0.102670200000E+05   0.163001228607E+00   0.162968573035E+00  -0.326262629912E-02
        171   0.485894700000E+05  -0.104000000000E+05   0.179102085407E+00   0.179101636748E+00  -0.400888255858E-03
        173   0.489263200000E+05  -0.101378900000E+05   0.160991833013E+00  -0.160964650400E+00   0.295831344031E-02
        174   0.490947400000E+05  -0.100126300000E+05   0.180024215837E+00  -0.179918249709E+00   0.617589745809E-02
        176   0.485894700000E+05  -0.102650900000E+05   0.163506002691E+00   0.163475432954E+00  -0.316160350896E-02
        175   0.484210500000E+05  -0.104000000000E+05   0.178092962107E+00   0.178092209735E+00  -0.517671690421E-03
        177   0.487578900000E+05  -0.101340400000E+05   0.161142783662E+00  -0.161114513547E+00   0.301831920793E-02
        178   0.489263200000E+05  -0.100068400000E+05   0.181832296312E+00  -0.181735419416E+00   0.593475457904E-02
        180   0.484210500000E+05  -0.102631600000E+05   0.163996752759E+00   0.163964799306E+00  -0.323720620563E-02
        179   0.482526300000E+05  -0.104000000000E+05   0.176316353545E+00   0.176315586638E+00  -0.520034482516E-03
        181   0.485894700000E+05  -0.101301800000E+05   0.161505740202E+00  -0.161478768220E+00   0.295153053397E-02
        182   0.487578900000E+05  -0.100010500000E+05   0.179189547641E+00  -0.179099598571E+00   0.567695123651E-02
        185   0.482526300000E+05  -0.102612300000E+05   0.165266884472E+00   0.165216938170E+00  -0.406281240934E-02
        184   0.480842100000E+05  -0.104000000000E+05   0.232151882424E+00   0.232088848330E+00   0.540952805486E-02
        186   0.484210500000E+05  -0.101263200000E+05   0.161356154877E+00  -0.161322609105E+00   0.329006202216E-02
        187   0.485894700000E+05  -0.999526300000E+04   0.174653552025E+00  -0.174572129419E+00   0.533243521946E-02
        183   0.479157900000E+05  -0.104000000000E+05   0.281425054602E+00   0.281423612645E+00  -0.900890522972E-03
        188   0.479157900000E+05  -0.103144200000E+05   0.211393971982E+00   0.210843828825E+00   0.152411035386E-01
        189   0.477473700000E+05  -0.104000000000E+05   0.320156826353E+00   0.320149085836E+00  -0.222627462411E-02
        190   0.480842100000E+05  -0.102593000000E+05   0.158879197552E+00   0.158720830510E+00  -0.709206437485E-02
        191   0.482526300000E+05  -0.101224600000E+05   0.162480555570E+00  -0.162454610767E+00   0.290351148328E-02
        192   0.484210500000E+05  -0.998947400000E+04   0.172512411494E+00  -0.172417204252E+00   0.573060182221E-02
        193   0.479157900000E+05  -0.102288400000E+05   0.146674083907E+00  -0.146656655236E+00   0.226105397287E-02
        194   0.477473700000E+05  -0.103132600000E+05   0.246201407871E+00   0.246191554724E+00   0.220263940194E-02
        195   0.475789500000E+05  -0.104000000000E+05   0.330194334277E+00   0.330173929918E+00  -0.367074800299E-02
        196   0.480842100000E+05  -0.101186000000E+05   0.160074263198E+00  -0.160013358827E+00   0.441528429387E-02
        197   0.482526300000E+05  -0.998368400000E+04   0.181080087125E+00   0.180795370823E+00  -0.101504601977E-01
        198   0.479157900000E+05  -0.101432600000E+05   0.152229268587E+00  -0.152199155297E+00   0.302776179890E-02
        199   0.477473700000E+05  -0.102265300000E+05   0.150442460042E+00   0.149042058731E+00   0.204792214919E-01
        200   0.475789500000E+05  -0.103121100000E+05   0.265864759043E+00   0.265810676424E+00  -0.536231294381E-02
        201   0.474105300000E+05  -0.104000000000E+05   0.329281846611E+00   0.329223718048E+00  -0.618692025502E-02
        203   0.480842100000E+05  -0.997789500000E+04   0.198691483159E+00   0.198345834682E+00  -0.117147490136E-01
        202   0.479157900000E+05  -0.100576800000E+05   0.176098383733E+00   0.176033777771E+00  -0.476967893112E-02
        204   0.477473700000E+05  -0.101397900000E+05   0.151422829833E+00  -0.151392522314E+00   0.302945241440E-02
        205   0.475789500000E+05  -0.102242100000E+05   0.174354877192E+00   0.174345153586E+00  -0.184136404242E-02
        206   0.474105300000E+05  -0.103109500000E+05   0.271565834677E+00   0.271258283892E+00  -0.129207578694E-01
        207   0.472421100000E+05  -0.104000000000E+05   0.322508930724E+00   0.322486470101E+00  -0.380617904383E-02
        209   0.479157900000E+05  -0.997210500000E+04   0.193831382086E+00   0.193547904375E+00  -0.104791885837E-01
        208   0.477473700000E+05  -0.100530500000E+05   0.175353908283E+00   0.174982830997E+00  -0.114018422349E-01
        210   0.475789500000E+05  -0.101363200000E+05   0.151677824171E+00  -0.151652735273E+00   0.275866441346E-02
        211   0.474105300000E+05  -0.102218900000E+05   0.192629703418E+00   0.191867069443E+00  -0.171239686557E-01
        212   0.472421100000E+05  -0.103097900000E+05   0.260192117612E+00   0.259695488575E+00  -0.160683316361E-01
        213   0.470736800000E+05  -0.104000000000E+05   0.339097632482E+00   0.339044783320E+00  -0.598658987699E-02
        215   0.477473700000E+05  -0.996631600000E+04   0.189698921511E+00   0.189461060835E+00  -0.949669679348E-02
        214   0.475789500000E+05  -0.100484200000E+05   0.184494869291E+00   0.184040348189E+00  -0.129424508104E-01
        216   0.474105300000E+05  -0.101328400000E+05   0.154702018561E+00   0.152951171755E+00  -0.232089122054E-01
        217   0.472421100000E+05  -0.102195800000E+05   0.197587087000E+00   0.193965969861E+00  -0.376544749680E-01
        218   0.470736800000E+05  -0.103086300000E+05   0.263864889015E+00   0.263832218399E+00  -0.415213070681E-02
        219   0.469052600000E+05  -0.104000000000E+05   0.336652668629E+00   0.336606471506E+00  -0.557697366714E-02
        221   0.475789500000E+05  -0.996052600000E+04   0.198777759175E+00   0.198539172933E+00  -0.973623919268E-02
        220   0.474105300000E+05  -0.100437900000E+05   0.194524438231E+00   0.194141868877E+00  -0.121939254648E-01
        222   0.472421100000E+05  -0.101293700000E+05   0.164002799101E+00   0.157911389788E+00  -0.442821757379E-01
        223   0.470736800000E+05  -0.102172600000E+05   0.188228944365E+00   0.181865439333E+00  -0.485293465143E-01
        224   0.469052600000E+05  -0.103074700000E+05   0.270624579880E+00   0.270427709467E+00  -0.103207164338E-01
        225   0.467368400000E+05  -0.104000000000E+05   0.357753437184E+00   0.357742745258E+00  -0.276586912591E-02
        227   0.474105300000E+05  -0.995473700000E+04   0.209429709689E+00   0.209187588913E+00  -0.100675689791E-01
        226   0.472421100000E+05  -0.100391600000E+05   0.196419116657E+00   0.196085444110E+00  -0.114441249654E-01
        228   0.470736800000E+05  -0.101258900000E+05   0.177515504886E+00   0.173912615031E+00  -0.355830972217E-01
        229   0.469052600000E+05  -0.102149500000E+05   0.186323509128E+00   0.182906897313E+00  -0.355178401534E-01
        230   0.467368400000E+05  -0.103063200000E+05   0.275251856970E+00   0.274872940235E+00  -0.144378492860E-01
        231   0.465684200000E+05  -0.104000000000E+05   0.378485050965E+00   0.378446247963E+00  -0.541952093027E-02
        233   0.472421100000E+05  -0.994894700000E+04   0.211844916373E+00   0.211588545987E+00  -0.104190114787E-01
        232   0.470736800000E+05  -0.100345300000E+05   0.217726047601E+00   0.217232377218E+00  -0.146535351399E-01
        234   0.469052600000E+05  -0.101224200000E+05   0.177013792193E+00  -0.166688752636E+00   0.595713217173E-01
        235   0.467368400000E+05  -0.102126300000E+05   0.195406583702E+00   0.191942641924E+00  -0.366299763254E-01
        236   0.465684200000E+05  -0.103051600000E+05   0.293611124597E+00   0.293401906431E+00  -0.110821383177E-01
        237   0.464000000000E+05  -0.104000000000E+05   0.365376341722E+00   0.365297497189E+00  -0.759010127984E-02
        239   0.470736800000E+05  -0.994315800000E+04   0.234782328795E+00   0.234487981141E+00  -0.117528130509E-01
        238   0.469052600000E+05  -0.100298900000E+05   0.222314946134E+00   0.222140665717E+00  -0.880113114374E-02
        240   0.467368400000E+05  -0.101189500000E+05   0.185146007072E+00  -0.177762038711E+00   0.517658335965E-01
        241   0.465684200000E+05  -0.102103200000E+05   0.199615178819E+00   0.195498042326E+00  -0.403328037886E-01
        242   0.464000000000E+05  -0.103040000000E+05   0.293770818039E+00   0.293309289372E+00  -0.164606895195E-01
        243   0.462315800000E+05  -0.104000000000E+05   0.354934831871E+00   0.354876703826E+00  -0.642339138516E-02
        245   0.469052600000E+05  -0.993736800000E+04   0.239790434203E+00   0.239459376502E+00  -0.125960049419E-01
        244   0.467368400000E+05  -0.100252600000E+05   0.234106512580E+00  -0.231653135206E+00   0.338036119565E-01
        246   0.465684200000E+05  -0.101154700000E+05   0.181112724925E+00  -0.178366739174E+00   0.314185532120E-01
        247   0.464000000000E+05  -0.102080000000E+05   0.213585044483E+00   0.212117756013E+00  -0.249925751106E-01
        248   0.462315800000E+05  -0.103028400000E+05   0.285384018546E+00   0.284820049917E+00  -0.179325739046E-01
        249   0.460631600000E+05  -0.104000000000E+05   0.354689440846E+00   0.354647717048E+00  -0.544024265648E-02
        251   0.467368400000E+05  -0.993157900000E+04   0.258746840652E+00  -0.258456366992E+00   0.122569942859E-01
        250   0.465684200000E+05  -0.100206300000E+05   0.257113452326E+00  -0.256466949603E+00   0.182217213394E-01
        252   0.464000000000E+05  -0.101120000000E+05   0.175717614510E+00   0.162640387896E+00  -0.665190519626E-01
        253   0.462315800000E+05  -0.102056800000E+05   0.219398388253E+00   0.215536126433E+00  -0.409857410638E-01
        254   0.460631600000E+05  -0.103016800000E+05   0.279370998365E+00   0.279221449373E+00  -0.913985433384E-02
        255   0.458947400000E+05  -0.104000000000E+05   0.362092285251E+00   0.362052442294E+00  -0.537141202571E-02
        257   0.465684200000E+05  -0.992578900000E+04   0.313407726866E+00  -0.313007339900E+00   0.158369324109E-01
        256   0.464000000000E+05  -0.100160000000E+05   0.260710484785E+00  -0.260585742147E+00   0.806398579282E-02
        258   0.462315800000E+05  -0.101085300000E+05   0.177559565128E+00   0.165757554946E+00  -0.636540033835E-01
        259   0.460631600000E+05  -0.102033700000E+05   0.212112875742E+00   0.205767445990E+00  -0.514939824242E-01
        260   0.458947400000E+05  -0.103005300000E+05   0.287228516374E+00   0.287213547791E+00  -0.293233414693E-02
        261   0.457263200000E+05  -0.104000000000E+05   0.368682635243E+00   0.368668282923E+00  -0.325310561877E-02
        263   0.464000000000E+05  -0.992000000000E+04   0.324167302187E+00  -0.323816485374E+00   0.150772546246E-01
        262   0.462315800000E+05  -0.100113700000E+05   0.233535028092E+00  -0.233356959349E+00  -0.911805183667E-02
        264   0.460631600000E+05  -0.101050500000E+05   0.193361245576E+00   0.179814677654E+00  -0.711003023260E-01
        265   0.458947400000E+05  -0.102010500000E+05   0.203257852045E+00   0.197574612147E+00  -0.477286816591E-01
        266   0.457263200000E+05  -0.102993700000E+05   0.290687632690E+00   0.290261117635E+00  -0.157411368067E-01
        267   0.455578900000E+05  -0.104000000000E+05   0.382526011029E+00   0.382471865554E+00  -0.643592834188E-02
        269   0.462315800000E+05  -0.991421100000E+04   0.294679089998E+00  -0.294515507138E+00   0.981744045229E-02
        268   0.460631600000E+05  -0.100067400000E+05   0.216766742761E+00  -0.215938137140E+00   0.189351972672E-01
        270   0.458947400000E+05  -0.101015800000E+05   0.196553436002E+00  -0.187908245506E+00   0.576519251643E-01
        271   0.457263200000E+05  -0.101987400000E+05   0.206457556943E+00   0.202219641335E+00  -0.416165769520E-01
        272   0.455578900000E+05  -0.102982100000E+05   0.307297835959E+00   0.307261968274E+00  -0.469498005196E-02
        273   0.453894700000E+05  -0.104000000000E+05   0.386935532275E+00   0.386837404274E+00  -0.871371281209E-02
        275   0.460631600000E+05  -0.990842100000E+04   0.273527016566E+00  -0.273221316040E+00   0.129283120735E-01
        274   0.458947400000E+05  -0.100021100000E+05   0.237582201416E+00  -0.234918634907E+00   0.354758707200E-01
        276   0.457263200000E+05  -0.100981100000E+05   0.200994707777E+00  -0.193946280346E+00   0.527609030860E-01
        277   0.455578900000E+05  -0.101964200000E+05   0.213561151514E+00   0.209516008704E+00  -0.413691616108E-01
        278   0.453894700000E+05  -0.102970500000E+05   0.309776373616E+00   0.309345065540E+00  -0.163411161445E-01
        279   0.452210500000E+05  -0.104000000000E+05   0.384359484873E+00   0.384296403438E+00  -0.696332656438E-02
        281   0.458947400000E+05  -0.990263200000E+04   0.284589598082E+00  -0.284262400922E+00   0.136428281047E-01
        280   0.457263200000E+05  -0.999747400000E+04   0.270513227935E+00  -0.269269227298E+00   0.259131186509E-01
        282   0.455578900000E+05  -0.100946300000E+05   0.191434354963E+00  -0.189487564387E+00   0.272318784307E-01
        283   0.453894700000E+05  -0.101941100000E+05   0.222396232954E+00   0.220938989004E+00  -0.254174658390E-01
        284   0.452210500000E+05  -0.102958900000E+05   0.295357194272E+00   0.294600345317E+00  -0.211307535966E-01
        285   0.450526300000E+05  -0.104000000000E+05   0.405271879174E+00   0.405219709419E+00  -0.650254934229E-02
        287   0.457263200000E+05  -0.989684200000E+04   0.311176606126E+00  -0.310772244017E+00   0.158585166045E-01
        286   0.455578900000E+05  -0.999284200000E+04   0.280976894593E+00  -0.280224555864E+00   0.205478365268E-01
        288   0.453894700000E+05  -0.100911600000E+05   0.176528588302E+00  -0.170418829726E+00   0.460409053220E-01
        289   0.452210500000E+05  -0.101917900000E+05   0.232179374539E+00   0.228072348400E+00  -0.434771877686E-01
        290   0.450526300000E+05  -0.102947400000E+05   0.289289551936E+00   0.289141109585E+00  -0.926626178105E-02
        291   0.448842100000E+05  -0.104000000000E+05   0.414192298936E+00   0.414130893116E+00  -0.713189070653E-02
        293   0.455578900000E+05  -0.989105300000E+04   0.341221582451E+00  -0.340834722708E+00   0.162437719371E-01
        292   0.453894700000E+05  -0.998821100000E+04   0.271136173890E+00  -0.270973504909E+00   0.939065648727E-02
        294   0.452210500000E+05  -0.100876800000E+05   0.180144871784E+00   0.166976506282E+00  -0.676093276105E-01
        295   0.450526300000E+05  -0.101894700000E+05   0.227495614630E+00   0.220658571692E+00  -0.553538563649E-01
        296   0.448842100000E+05  -0.102935800000E+05   0.295883655799E+00   0.295753609187E+00  -0.877156892804E-02
        297   0.447157900000E+05  -0.104000000000E+05   0.413870152086E+00   0.413795716243E+00  -0.784907681897E-02
        299   0.453894700000E+05  -0.988526300000E+04   0.337141293342E+00  -0.336812386217E+00   0.148885246790E-01
        298   0.452210500000E+05  -0.998357900000E+04   0.245438635464E+00  -0.245435300478E+00   0.127947545055E-02
        300   0.450526300000E+05  -0.100842100000E+05   0.192678289154E+00   0.179289616833E+00  -0.705702232330E-01
        301   0.448842100000E+05  -0.101871600000E+05   0.215926003614E+00   0.212147283601E+00  -0.402190141275E-01
        302   0.447157900000E+05  -0.102924200000E+05   0.302368046226E+00   0.302115783375E+00  -0.123486361109E-01
        303   0.445473700000E+05  -0.104000000000E+05   0.412513401127E+00   0.412361905346E+00  -0.111787803125E-01
        305   0.452210500000E+05  -0.987947400000E+04   0.317381065505E+00  -0.317115580146E+00   0.129788123590E-01
        304   0.450526300000E+05  -0.997894700000E+04   0.226486486266E+00  -0.226483771431E+00   0.110893630743E-02
        306   0.448842100000E+05  -0.100807400000E+05   0.196043874097E+00   0.185336361484E+00  -0.639033151175E-01
        307   0.447157900000E+05  -0.101848400000E+05   0.216084781554E+00   0.205426567133E+00  -0.670265494810E-01
        308   0.445473700000E+05  -0.102912600000E+05   0.305175925353E+00   0.304898438481E+00  -0.130110578627E-01
        309   0.443789500000E+05  -0.104000000000E+05   0.393540259443E+00   0.393404148979E+00  -0.103494622328E-01
        311   0.450526300000E+05  -0.987368400000E+04   0.284107664427E+00  -0.283863493171E+00   0.117763419867E-01
        310   0.448842100000E+05  -0.997431600000E+04   0.232032321524E+00  -0.230954923305E+00   0.223343151455E-01
        312   0.447157900000E+05  -0.100772600000E+05   0.200119567536E+00  -0.187233004599E+00   0.706515626130E-01
        313   0.445473700000E+05  -0.101825300000E+05   0.211507987511E+00   0.199450216288E+00  -0.703934656333E-01
        314   0.443789500000E+05  -0.102901100000E+05   0.303750716142E+00   0.303455831931E+00  -0.133811667452E-01
        317   0.448842100000E+05  -0.986789500000E+04   0.283291996932E+00  -0.282908744148E+00   0.147308523218E-01
        316   0.447157900000E+05  -0.996968400000E+04   0.250168361540E+00  -0.248523528701E+00   0.286402653202E-01
        318   0.445473700000E+05  -0.100737900000E+05   0.210068230240E+00  -0.200224055106E+00   0.635530417275E-01
        319   0.443789500000E+05  -0.101802100000E+05   0.217183900629E+00   0.212590017155E+00  -0.444334479709E-01
        323   0.447157900000E+05  -0.986210500000E+04   0.298982873139E+00  -0.298585789657E+00   0.154040463922E-01
        322   0.445473700000E+05  -0.996505300000E+04   0.270281989226E+00  -0.269371417670E+00   0.221673869068E-01
       1014   0.208319400000E+05  -0.644776900000E+04   0.320395737012E+00  -0.259726811071E+00  -0.187604402684E+00
        962   0.208565600000E+05  -0.720784400000E+04   0.320701278987E+00  -0.240587491583E+00  -0.212054165812E+00
       1013   0.213857500000E+05  -0.675747600000E+04   0.338025251841E+00  -0.263826050355E+00  -0.211321759496E+00
        963   0.202959000000E+05  -0.690157400000E+04   0.304508047883E+00  -0.241429532331E+00  -0.185571905588E+00
       1015   0.202830000000E+05  -0.613257600000E+04   0.284831275283E+00  -0.244854928813E+00  -0.145516044528E+00
       1016   0.200907500000E+05  -0.553412500000E+04   0.262739745286E+00  -0.239168845738E+00  -0.108767812249E+00
        965   0.195223600000E+05  -0.595515200000E+04   0.249362295963E+00  -0.219813575505E+00  -0.117743563186E+00
       1062   0.213731400000E+05  -0.604339600000E+04   0.343179853449E+00  -0.297805884999E+00  -0.170540513290E+00
       1061   0.219286700000E+05  -0.635114200000E+04   0.360470602692E+00  -0.298893962311E+00  -0.201498026540E+00
       1063   0.208748500000E+05  -0.564853200000E+04   0.311366075196E+00  -0.282283304200E+00  -0.131396228837E+00
       1065   0.199854600000E+05  -0.486193500000E+04   0.259929724482E+00  -0.245360148348E+00  -0.858012778008E-01
       1017   0.194051100000E+05  -0.527477100000E+04   0.245522691125E+00  -0.229788785169E+00  -0.864783560644E-01
       1064   0.205695700000E+05  -0.511498500000E+04   0.272669740431E+00  -0.256139900825E+00  -0.934940562382E-01
       1066   0.194322600000E+05  -0.450420200000E+04   0.248198673413E+00  -0.236920007574E+00  -0.739695308547E-01
       1018   0.188315700000E+05  -0.491810700000E+04   0.239705414760E+00  -0.228517395595E+00  -0.723773844215E-01
       1067   0.188661200000E+05  -0.413489400000E+04   0.239291346391E+00  -0.230484009375E+00  -0.643231675205E-01
       1074   0.224937900000E+05  -0.600772800000E+04   0.407451094220E+00  -0.362103318818E+00  -0.186808941654E+00
       1109   0.219412000000E+05  -0.569469200000E+04   0.388758159005E+00  -0.355493780782E+00  -0.157343821035E+00
       1110   0.215243400000E+05  -0.529505700000E+04   0.350577596984E+00  -0.329854229113E+00  -0.118746953828E+00
       1111   0.211396100000E+05  -0.486309500000E+04   0.293450101102E+00  -0.281322908787E+00  -0.834888185810E-01
       1112   0.205903600000E+05  -0.448954100000E+04   0.274070308873E+00  -0.262518835425E+00  -0.787298879248E-01
       1113   0.200416700000E+05  -0.412722200000E+04   0.256264413704E+00  -0.247158607688E+00  -0.677057780177E-01
       1114   0.194870500000E+05  -0.375078400000E+04   0.240995595414E+00  -0.233382154687E+00  -0.600969789790E-01
       1068   0.183691700000E+05  -0.370170400000E+04   0.247724206042E+00   0.247327442527E+00  -0.140149360482E-01
       1115   0.190050800000E+05  -0.331507800000E+04   0.267404783095E+00   0.267325098671E+00  -0.652760620163E-02
       1116   0.185248600000E+05  -0.286153100000E+04   0.303797494483E+00   0.303791418701E+00  -0.192134787804E-02
       1122   0.225243000000E+05  -0.541000200000E+04   0.436897794567E+00  -0.414011122602E+00  -0.139550970111E+00
       1121   0.230856200000E+05  -0.575306600000E+04   0.447736178907E+00  -0.425598474591E+00  -0.139045403835E+00
       1161   0.221237400000E+05  -0.499282300000E+04   0.384426625910E+00  -0.369793093469E+00  -0.105056645343E+00
       1162   0.217320700000E+05  -0.456080800000E+04   0.309142458522E+00  -0.299697389520E+00  -0.758322779291E-01
       1163   0.211987200000E+05  -0.418161800000E+04   0.285688863408E+00  -0.277229931572E+00  -0.690050122526E-01
       1164   0.206606300000E+05  -0.379347200000E+04   0.263903741049E+00  -0.257183721967E+00  -0.591753132230E-01
       1165   0.201142300000E+05  -0.340651600000E+04   0.252321590157E+00   0.252300112214E+00   0.329214761287E-02
       1166   0.196441500000E+05  -0.296691900000E+04   0.284630562279E+00   0.284613977382E+00   0.307259849879E-02
       1167   0.191768400000E+05  -0.251159100000E+04   0.318365525736E+00   0.318348323328E+00   0.330953334092E-02
       1168   0.186580200000E+05  -0.206751000000E+04   0.350183437578E+00   0.350168518390E+00   0.323244225206E-02
       1117   0.179985700000E+05  -0.241418200000E+04   0.340071997511E+00   0.340069675933E+00   0.125658340202E-02
       1123   0.236978800000E+05  -0.561687100000E+04   0.455062348779E+00  -0.452729247070E+00  -0.460214094111E-01
       1172   0.231242800000E+05  -0.521693500000E+04   0.463121276818E+00  -0.452715850118E+00  -0.976200598951E-01
       1173   0.227335100000E+05  -0.477545200000E+04   0.408920624506E+00  -0.400175588568E+00  -0.841164398960E-01
       1179   0.242224900000E+05  -0.513350800000E+04   0.415582535017E+00  -0.415230842869E+00   0.170935818722E-01
       1174   0.236759500000E+05  -0.506946200000E+04   0.447872600391E+00  -0.445939072314E+00  -0.415717447908E-01
       1178   0.243083200000E+05  -0.561757000000E+04   0.410056198830E+00  -0.407257268059E+00   0.478289014317E-01
       1220   0.223488000000E+05  -0.432771900000E+04   0.319127069605E+00  -0.314711282792E+00  -0.529045842823E-01
       1221   0.218202200000E+05  -0.392212600000E+04   0.291650994792E+00  -0.286382287009E+00  -0.551859443231E-01
       1222   0.212883500000E+05  -0.351620100000E+04   0.269442632710E+00  -0.264508908534E+00  -0.513261105867E-01
       1223   0.207498000000E+05  -0.310915700000E+04   0.260169075652E+00   0.259801056789E+00   0.138332504133E-01
       1224   0.202888000000E+05  -0.266222000000E+04   0.293608794605E+00   0.293128831661E+00   0.167813086029E-01
       1225   0.198320000000E+05  -0.220127700000E+04   0.326054339173E+00   0.325672146148E+00   0.157824369661E-01
       1226   0.193247800000E+05  -0.175064200000E+04   0.356005417927E+00   0.355790305856E+00   0.123739990534E-01
       1169   0.186443600000E+05  -0.136592300000E+04   0.380667677836E+00   0.380641979068E+00   0.442320243437E-02
       1227   0.193224200000E+05  -0.107213800000E+04   0.379148260833E+00   0.378598895398E+00   0.204029433220E-01
       1230   0.233532000000E+05  -0.462996300000E+04   0.413094139008E+00  -0.409634024570E+00  -0.533547898271E-01
       1231   0.229807600000E+05  -0.416794900000E+04   0.326464188222E+00  -0.323935784419E+00  -0.405521117093E-01
       1232   0.239731100000E+05  -0.459409300000E+04   0.390605375829E+00  -0.390143495043E+00  -0.189898104677E-01
       1236   0.248102100000E+05  -0.522854600000E+04   0.350811519659E+00  -0.345667288725E+00   0.598568945940E-01
       1180   0.248886600000E+05  -0.574466500000E+04   0.343513021479E+00  -0.327223002466E+00   0.104528955715E+00
       1237   0.245768400000E+05  -0.466920900000E+04   0.339877225755E+00  -0.339663420826E+00   0.120535944719E-01
       1238   0.253696800000E+05  -0.542161500000E+04   0.284116338163E+00  -0.265095452204E+00   0.102208095728E+00
       1181   0.254228800000E+05  -0.596501600000E+04   0.279206747624E+00  -0.249634728933E+00   0.125055627741E+00
       1272   0.224516400000E+05  -0.372997200000E+04   0.291773028403E+00  -0.289557837530E+00  -0.358853567412E-01
       1273   0.219257300000E+05  -0.329496700000E+04   0.271054471587E+00  -0.267907214536E+00  -0.411855674611E-01
       1274   0.213931700000E+05  -0.286558800000E+04   0.257240908715E+00  -0.254447828268E+00  -0.378046003316E-01
       1276   0.209401900000E+05  -0.240518900000E+04   0.290521939251E+00   0.288589985127E+00   0.334487319723E-01
       1277   0.204914300000E+05  -0.193662500000E+04   0.323435931455E+00   0.321462735390E+00   0.356722793223E-01
       1278   0.199963800000E+05  -0.147626500000E+04   0.352995256447E+00   0.351504549100E+00   0.324068362630E-01
       1279   0.200037800000E+05  -0.830436700000E+03   0.368261318372E+00   0.365373945178E+00   0.460247628339E-01
       1228   0.193051700000E+05  -0.389882500000E+03   0.387391394934E+00   0.386413753243E+00   0.275046209488E-01
       1280   0.199884800000E+05  -0.217067900000E+03   0.374006230515E+00   0.368810555088E+00   0.621243504599E-01
       1281   0.200634100000E+05   0.296253800000E+03   0.372194918279E+00   0.362148807792E+00   0.858911998243E-01
       1229   0.193398200000E+05   0.340593200000E+03   0.382281950262E+00   0.380560217462E+00   0.362410041415E-01
       1283   0.236700300000E+05  -0.405409600000E+04   0.319935398311E+00  -0.318386856992E+00  -0.314399170940E-01
       1282   0.230849800000E+05  -0.361467500000E+04   0.286356411065E+00  -0.286049736787E+00  -0.132492355229E-01
       1284   0.243531200000E+05  -0.412113300000E+04   0.302790230718E+00  -0.302267652521E+00  -0.177817338168E-01
       1288   0.251546800000E+05  -0.481776900000E+04   0.285353347284E+00  -0.276108168200E+00   0.720472918263E-01
       1289   0.249573400000E+05  -0.423884300000E+04   0.266414988388E+00  -0.261922539832E+00   0.487188789458E-01
       1290   0.256913200000E+05  -0.504020800000E+04   0.249005145701E+00  -0.233821633222E+00   0.856212965489E-01
       1239   0.259434700000E+05  -0.567784300000E+04   0.232097621928E+00  -0.204807711093E+00   0.109192983207E+00
       1321   0.225709400000E+05  -0.313883600000E+04   0.268783304212E+00  -0.267490394231E+00  -0.263316087103E-01
       1322   0.220424900000E+05  -0.268006900000E+04   0.258354415292E+00  -0.256520688849E+00  -0.307268627274E-01
       1323   0.215953900000E+05  -0.220415000000E+04   0.275075444776E+00   0.270920005981E+00   0.476324540406E-01
       1275   0.199158700000E+05   0.859450000000E+03   0.373897048133E+00   0.362462214695E+00   0.917613509132E-01
       1325   0.206264600000E+05   0.648666700000E+03   0.367396870092E+00   0.344398295959E+00   0.127946371163E+00
       1326   0.211572600000E+05  -0.171190600000E+04   0.310009376609E+00   0.304241921581E+00   0.595203052595E-01
       1327   0.206782800000E+05  -0.124654500000E+04   0.340364754694E+00   0.335110461996E+00   0.595746967999E-01
       1328   0.206948900000E+05  -0.629211900000E+03   0.351618890846E+00   0.342489494328E+00   0.796039614278E-01
       1329   0.206881400000E+05  -0.426794200000E+01   0.358401920022E+00   0.343420638151E+00   0.102538780797E+00
       1330   0.232171000000E+05  -0.304579100000E+04   0.262049048698E+00  -0.261928723575E+00  -0.794025756516E-02
       1331   0.236553800000E+05  -0.349565300000E+04   0.271994127477E+00  -0.271915259045E+00   0.654960152297E-02
       1332   0.242172600000E+05  -0.358609400000E+04   0.261420808994E+00  -0.260450118018E+00   0.225072299411E-01
       1333   0.248239300000E+05  -0.368320900000E+04   0.246361321133E+00   0.244798019936E+00  -0.277097453260E-01
       1337   0.255293700000E+05  -0.442178200000E+04   0.239509907526E+00  -0.231420148134E+00   0.617228550939E-01
       1338   0.254121900000E+05  -0.385215600000E+04   0.235069774595E+00   0.231475475572E+00  -0.409500077754E-01
       1339   0.260547500000E+05  -0.465873800000E+04   0.212946723187E+00  -0.200574358927E+00   0.715278509192E-01
       1367   0.226913100000E+05  -0.255642500000E+04   0.255587401771E+00  -0.254785481126E+00  -0.202306339893E-01
       1368   0.222521700000E+05  -0.205963900000E+04   0.251777797251E+00   0.250664289901E+00   0.236531807011E-01
       1369   0.218137000000E+05  -0.155354200000E+04   0.288466528425E+00   0.278280187512E+00   0.759807558500E-01
       1370   0.211678000000E+05   0.109729700000E+04   0.369181810488E+00   0.332556149130E+00   0.160317238221E+00
       1324   0.204809900000E+05   0.129522200000E+04   0.377783705672E+00   0.349822934260E+00   0.142633947351E+00
       1371   0.212853600000E+05   0.428718600000E+03   0.349399011552E+00   0.320216773588E+00   0.139788723388E+00
       1372   0.214068000000E+05  -0.997389700000E+03   0.321434747288E+00   0.307876919689E+00   0.923693622737E-01
       1373   0.213388100000E+05  -0.292368900000E+03   0.335633427019E+00   0.315363443659E+00   0.114872519499E+00
       1375   0.239228200000E+05  -0.299682300000E+04   0.268041099134E+00   0.266387783933E+00  -0.297250634324E-01
       1374   0.233374700000E+05  -0.250522000000E+04   0.267450442242E+00   0.265062358788E+00  -0.356606927725E-01
       1376   0.246039300000E+05  -0.311783400000E+04   0.268466696078E+00   0.266186989645E+00  -0.349120816720E-01
       1377   0.252115300000E+05  -0.325543700000E+04   0.257259816257E+00   0.253563698855E+00  -0.434518547748E-01
       1382   0.260305000000E+05  -0.406839000000E+04   0.225857923840E+00   0.216801060220E+00  -0.633174703288E-01
       1378   0.257789200000E+05  -0.345591400000E+04   0.243469456609E+00   0.235670435556E+00  -0.611295518251E-01
       1408   0.214859200000E+05   0.162949500000E+04   0.378207859688E+00   0.332495554018E+00   0.180243978229E+00
       1366   0.208778800000E+05   0.172642000000E+04   0.380958748521E+00   0.341905843438E+00   0.168017743996E+00
       1409   0.229088700000E+05  -0.197624500000E+04   0.259777634546E+00   0.256639245102E+00  -0.402581331388E-01
       1410   0.224815800000E+05  -0.145600200000E+04   0.257417254306E+00   0.250488659010E+00   0.593217879191E-01
       1411   0.221483500000E+05  -0.929618800000E+03   0.291288528005E+00   0.271290772437E+00   0.106067541397E+00
       1412   0.218352400000E+05   0.960503300000E+03   0.349322036769E+00   0.306435763486E+00   0.167699159895E+00
       1413   0.219362000000E+05   0.303504200000E+03   0.326303529998E+00   0.290770706958E+00   0.148075621437E+00
       1414   0.220023500000E+05  -0.352590700000E+03   0.311163829750E+00   0.283612240081E+00   0.128011820628E+00
       1415   0.239156800000E+05  -0.243911300000E+04   0.292050860797E+00   0.287517139340E+00  -0.512601197575E-01
       1416   0.235556200000E+05  -0.194477200000E+04   0.293224085695E+00   0.285460105821E+00  -0.670290415856E-01
       1417   0.244840900000E+05  -0.256305200000E+04   0.300300752352E+00   0.295988866436E+00  -0.507063389422E-01
       1418   0.250805900000E+05  -0.267810600000E+04   0.295039178958E+00   0.290614068253E+00  -0.509075677456E-01
       1419   0.256646500000E+05  -0.286342600000E+04   0.274162753014E+00   0.268241663619E+00  -0.566712011443E-01
       1421   0.262236000000E+05  -0.308456200000E+04   0.252984988168E+00   0.239887084222E+00  -0.803466929111E-01
       1420   0.263003900000E+05  -0.362049300000E+04   0.238591331819E+00   0.222490529686E+00  -0.861614056230E-01
       1425   0.267342500000E+05  -0.393028800000E+04   0.233812168976E+00   0.207153131940E+00  -0.108423753342E+00
       1404   0.210559000000E+05   0.231499400000E+04   0.383220896607E+00   0.333151604657E+00   0.189389186362E+00
       1439   0.217268100000E+05   0.209477900000E+04   0.379356893999E+00   0.330529844840E+00   0.186176461172E+00
       1447   0.221493700000E+05   0.149156400000E+04   0.358601902640E+00   0.309255039797E+00   0.181539651144E+00
       1448   0.231380100000E+05  -0.140344600000E+04   0.280154740031E+00   0.268434577554E+00  -0.801845118163E-01
       1449   0.228268700000E+05  -0.863308700000E+03   0.266757371320E+00   0.250753437391E+00  -0.910066414608E-01
       1450   0.226699200000E+05  -0.312871100000E+03   0.282676819006E+00   0.245822421283E+00   0.139561890206E+00
       1451   0.225102800000E+05   0.872377200000E+03   0.321544689207E+00   0.273660299919E+00   0.168822473047E+00
       1452   0.226076700000E+05   0.286160900000E+03   0.300549910652E+00   0.256037345920E+00   0.157401163551E+00
       1453   0.242097500000E+05  -0.198669500000E+04   0.325541795132E+00   0.316706902851E+00  -0.753272730442E-01
       1454   0.237864500000E+05  -0.141287900000E+04   0.325708934705E+00   0.308593794008E+00  -0.104192996149E+00
       1455   0.248879800000E+05  -0.206659000000E+04   0.340343933251E+00   0.333033203130E+00  -0.701632276454E-01
       1456   0.255365300000E+05  -0.227993600000E+04   0.321014969112E+00   0.315625491722E+00  -0.585760989565E-01
       1457   0.261161200000E+05  -0.248833400000E+04   0.287230657766E+00   0.281012115510E+00  -0.594444421095E-01
       1458   0.267617900000E+05  -0.336533300000E+04   0.243900212100E+00   0.218803150798E+00  -0.107761285548E+00
       1459   0.266597500000E+05  -0.274429700000E+04   0.254211427411E+00   0.238081938074E+00  -0.891091498608E-01
       1476   0.223342700000E+05   0.204531400000E+04   0.368161796784E+00   0.321046031179E+00   0.180201427505E+00
       1445   0.218493700000E+05   0.266219900000E+04   0.378312162321E+00   0.335251093482E+00   0.175290605793E+00
       1482   0.225837800000E+05   0.257104700000E+04   0.368161636437E+00   0.339533514541E+00   0.142337567240E+00
       1484   0.228033800000E+05   0.140904200000E+04   0.327992420192E+00   0.281402415070E+00   0.168498393156E+00
       1486   0.234890700000E+05  -0.850469200000E+03   0.323833061680E+00   0.293558630742E+00  -0.136715698272E+00
       1487   0.233444900000E+05  -0.295266000000E+03   0.336576810863E+00   0.284173751008E+00  -0.180358611796E+00
       1485   0.231948300000E+05   0.213560000000E+03   0.340056543200E+00   0.251897987733E+00  -0.228442238540E+00
       1488   0.232420100000E+05   0.803461500000E+03   0.367117851545E+00   0.193957594547E+00  -0.311698521716E+00
       1489   0.244162900000E+05  -0.148090700000E+04   0.360188088493E+00   0.346263915744E+00  -0.991804403422E-01
       1490   0.241294000000E+05  -0.891683500000E+03   0.374929348629E+00   0.347623019256E+00  -0.140464418791E+00
       1492   0.255073900000E+05  -0.172998900000E+04   0.357513132774E+00   0.352045285956E+00  -0.622876933434E-01
       1491   0.249851000000E+05  -0.151876800000E+04   0.372339039423E+00   0.362834322325E+00  -0.835919542822E-01
       1493   0.260794800000E+05  -0.192388200000E+04   0.324801824042E+00   0.321451429379E+00  -0.465317467048E-01
       1494   0.266309600000E+05  -0.216738800000E+04   0.278781148459E+00   0.274670484852E+00  -0.476975207691E-01
       1512   0.229801200000E+05   0.195535300000E+04   0.350025044805E+00  -0.636170356880E-02  -0.349967228064E+00
       1517   0.231848000000E+05   0.243445300000E+04   0.368288693440E+00  -0.637400994402E-01  -0.362730976674E+00
       1520   0.234517300000E+05   0.138406100000E+04   0.397086169764E+00   0.121983459152E+00  -0.377885514292E+00
       1521   0.238076200000E+05   0.301582000000E+03   0.409514176755E+00   0.310160673493E+00  -0.267398985754E+00
       1522   0.239996500000E+05  -0.287681000000E+03   0.401980320447E+00   0.352173517521E+00  -0.193809162796E+00
       1523   0.239578400000E+05   0.862713800000E+03   0.424104588218E+00   0.238463007991E+00  -0.350713694582E+00
       1524   0.247525700000E+05  -0.980551200000E+03   0.401115498008E+00   0.385967201024E+00  -0.109192318758E+00
       1525   0.246251800000E+05  -0.380399800000E+03   0.431527765162E+00   0.405192060558E+00  -0.148443949576E+00
       1526   0.253714900000E+05  -0.113136000000E+04   0.396273863773E+00   0.390667158835E+00  -0.664239875119E-01
       1527   0.259526400000E+05  -0.132637000000E+04   0.364809664872E+00   0.363227216613E+00  -0.339423142417E-01
       1528   0.265137800000E+05  -0.156192500000E+04   0.317568611135E+00   0.316984195922E+00  -0.192572665153E-01
       1544   0.236349400000E+05   0.193628200000E+04   0.419941097441E+00   0.404098938529E-01  -0.417992303516E+00
       1549   0.237602100000E+05   0.249696400000E+04   0.419514844496E+00  -0.192540043833E-01  -0.419072771804E+00
       1552   0.240932500000E+05   0.142299200000E+04   0.433342467447E+00   0.147261717212E+00  -0.407553285763E+00
       1553   0.245083200000E+05   0.299722300000E+03   0.444077827152E+00   0.369990973259E+00  -0.245584601055E+00
       1554   0.245886900000E+05   0.934707600000E+03   0.432595247987E+00   0.241437657596E+00  -0.358951955107E+00
       1555   0.252441900000E+05  -0.558304300000E+03   0.431745782752E+00   0.425026924087E+00  -0.758718309118E-01
       1556   0.251847800000E+05  -0.968042000000E+01   0.443163770324E+00   0.433422944728E+00  -0.924049690865E-01
       1557   0.258354800000E+05  -0.739801900000E+03   0.405453810530E+00   0.405107076907E+00  -0.167645075500E-01
       1558   0.263887000000E+05  -0.962029400000E+03   0.359675981681E+00   0.359311529214E+00   0.161875499131E-01
       1574   0.242647300000E+05   0.198705600000E+04   0.439195688906E+00   0.775820605138E-01  -0.432289112794E+00
       1582   0.247151700000E+05   0.150915800000E+04   0.435147104449E+00   0.154619113736E+00  -0.406750454429E+00
       1584   0.251625100000E+05   0.532064800000E+03   0.420191999050E+00   0.308051308177E+00  -0.285772125295E+00
       1583   0.252089500000E+05   0.107609700000E+04   0.415958297975E+00   0.211262723763E+00  -0.358314620415E+00
       1585   0.258081400000E+05  -0.218312800000E+03   0.428706697603E+00   0.427967044281E+00   0.251722382615E-01
       1586   0.257225300000E+05   0.218663400000E+03   0.423032282750E+00   0.417368530369E+00   0.689914640158E-01
       1587   0.263447500000E+05  -0.388929400000E+03   0.393592106142E+00   0.386115574250E+00   0.763512235550E-01
       1613   0.257744000000E+05   0.686029600000E+03   0.400002114769E+00   0.365272979641E+00   0.163025587450E+00
       1614   0.262985700000E+05   0.225342900000E+03   0.416542547556E+00   0.379867723960E+00   0.170904084847E+00
