         350           8
        833   0.343174500000E+05  -0.104000000000E+05   0.196779747699E+01
        834   0.346071300000E+05  -0.104000000000E+05   0.196820854751E+01
        879   0.344048900000E+05  -0.101407300000E+05   0.196788526898E+01
        878   0.340975800000E+05  -0.101406600000E+05   0.196747995699E+01
        876   0.340277700000E+05  -0.104000000000E+05   0.196739864625E+01
        929   0.337901000000E+05  -0.101404100000E+05   0.196709042982E+01
        877   0.337380800000E+05  -0.104000000000E+05   0.196700741495E+01
        930   0.334784200000E+05  -0.101400800000E+05   0.196672275238E+01
        922   0.334484000000E+05  -0.104000000000E+05   0.196662839267E+01
        932   0.342280000000E+05  -0.987563800000E+04   0.196745101203E+01
        931   0.339038100000E+05  -0.987393500000E+04   0.196701038497E+01
        933   0.345520600000E+05  -0.987452400000E+04   0.196791268574E+01
        977   0.331465300000E+05  -0.101581500000E+05   0.196629914269E+01
        923   0.331587200000E+05  -0.104000000000E+05   0.196621648449E+01
        924   0.328690400000E+05  -0.104000000000E+05   0.196579863746E+01
        978   0.328126600000E+05  -0.101408400000E+05   0.196582811808E+01
        925   0.325793600000E+05  -0.104000000000E+05   0.196533106263E+01
        979   0.325038400000E+05  -0.101412800000E+05   0.196538670043E+01
        926   0.322896800000E+05  -0.104000000000E+05   0.196488892731E+01
        980   0.322068100000E+05  -0.101472900000E+05   0.196496756492E+01
        927   0.320000000000E+05  -0.104000000000E+05   0.196460538120E+01
        981   0.319352700000E+05  -0.101843100000E+05   0.196470194114E+01
        928   0.317548100000E+05  -0.103888800000E+05   0.196459899399E+01
        982   0.316804300000E+05  -0.101263600000E+05   0.196460297168E+01
        973   0.314952100000E+05  -0.103530000000E+05   0.196459453882E+01
        983   0.335780800000E+05  -0.987485800000E+04   0.196667748947E+01
        984   0.332532400000E+05  -0.987652200000E+04   0.196632180331E+01
        987   0.340719200000E+05  -0.959355400000E+04   0.196668721809E+01
        985   0.337202400000E+05  -0.959865300000E+04   0.196636111007E+01
        986   0.344020500000E+05  -0.959530600000E+04   0.196722871476E+01
       1026   0.313941900000E+05  -0.100595600000E+05   0.196460834751E+01
        974   0.312238500000E+05  -0.102893800000E+05   0.196464966558E+01
       1027   0.310952600000E+05  -0.995180200000E+04   0.196463188139E+01
        975   0.309435000000E+05  -0.101963900000E+05   0.196471731423E+01
       1028   0.307622800000E+05  -0.981601300000E+04   0.196459368754E+01
        976   0.306566100000E+05  -0.100737100000E+05   0.196473913272E+01
       1025   0.303650000000E+05  -0.992207000000E+04   0.196455750864E+01
       1029   0.329296000000E+05  -0.987670000000E+04   0.196592395826E+01
       1030   0.326039400000E+05  -0.987649800000E+04   0.196550198719E+01
       1031   0.322769800000E+05  -0.987830200000E+04   0.196501742945E+01
       1032   0.319661900000E+05  -0.993578000000E+04   0.196472434803E+01
       1033   0.316637800000E+05  -0.985212000000E+04   0.196460249426E+01
       1034   0.333791700000E+05  -0.959251000000E+04   0.196607561019E+01
       1035   0.330355900000E+05  -0.959398400000E+04   0.196575873410E+01
       1037   0.339286900000E+05  -0.933454000000E+04   0.196583570125E+01
       1036   0.336033800000E+05  -0.929924600000E+04   0.196537721320E+01
       1038   0.346376400000E+05  -0.935806800000E+04   0.196717902512E+01
       1039   0.342930900000E+05  -0.926265500000E+04   0.196628568407E+01
       1076   0.304465100000E+05  -0.960878600000E+04   0.196428636122E+01
       1075   0.300697700000E+05  -0.974290900000E+04   0.196421730093E+01
       1077   0.313442700000E+05  -0.975657100000E+04   0.196456175959E+01
       1078   0.310387100000E+05  -0.960941600000E+04   0.196455764462E+01
       1079   0.307336700000E+05  -0.942422800000E+04   0.196431618097E+01
       1080   0.326923000000E+05  -0.959482200000E+04   0.196534615253E+01
       1081   0.323443200000E+05  -0.960075800000E+04   0.196487142473E+01
       1082   0.319761400000E+05  -0.961526500000E+04   0.196455501618E+01
       1083   0.316332600000E+05  -0.957686200000E+04   0.196448424577E+01
       1084   0.332339000000E+05  -0.929653900000E+04   0.196527046957E+01
       1085   0.328832100000E+05  -0.929210300000E+04   0.196497291365E+01
       1087   0.339401100000E+05  -0.901015400000E+04   0.196478441829E+01
       1086   0.335160700000E+05  -0.903970700000E+04   0.196447944755E+01
       1088   0.346904500000E+05  -0.908224900000E+04   0.196681349734E+01
       1089   0.343571000000E+05  -0.889760600000E+04   0.196565563483E+01
       1130   0.301430400000E+05  -0.939864100000E+04   0.196364716774E+01
       1124   0.297713200000E+05  -0.953802600000E+04   0.196374236213E+01
       1131   0.304291800000E+05  -0.920265500000E+04   0.196354699286E+01
       1132   0.313550500000E+05  -0.942093600000E+04   0.196442985141E+01
       1133   0.310389900000E+05  -0.924782800000E+04   0.196427362508E+01
       1134   0.307249700000E+05  -0.901804600000E+04   0.196356364610E+01
       1135   0.325143200000E+05  -0.930097300000E+04   0.196472423220E+01
       1136   0.321453800000E+05  -0.930920900000E+04   0.196441169322E+01
       1137   0.317473600000E+05  -0.926389100000E+04   0.196427194001E+01
       1139   0.331684100000E+05  -0.893944800000E+04   0.196383765583E+01
       1138   0.327566800000E+05  -0.898969900000E+04   0.196412586423E+01
       1140   0.336185400000E+05  -0.874951900000E+04   0.196353547650E+01
       1141   0.340358700000E+05  -0.864553500000E+04   0.196407920983E+01
       1142   0.346877400000E+05  -0.868684700000E+04   0.196625367452E+01
       1143   0.343761900000E+05  -0.851667300000E+04   0.196494890502E+01
       1185   0.298467900000E+05  -0.916240700000E+04   0.196299668224E+01
       1125   0.294695000000E+05  -0.930937000000E+04   0.196348307161E+01
       1186   0.295401900000E+05  -0.897118600000E+04   0.196286530804E+01
       1126   0.291636300000E+05  -0.905892800000E+04   0.196339322413E+01
       1187   0.292947600000E+05  -0.868891600000E+04   0.196267106659E+01
       1127   0.288526800000E+05  -0.878869800000E+04   0.196300337157E+01
       1188   0.289778700000E+05  -0.840619000000E+04   0.196228189625E+01
       1128   0.285352100000E+05  -0.850072200000E+04   0.196182731740E+01
       1189   0.286541600000E+05  -0.808918300000E+04   0.196092481292E+01
       1129   0.282094500000E+05  -0.819717800000E+04   0.195985713826E+01
       1190   0.283342200000E+05  -0.776229800000E+04   0.195890664439E+01
       1175   0.278731600000E+05  -0.788050800000E+04   0.195779062592E+01
       1191   0.301224600000E+05  -0.894897200000E+04   0.196259453841E+01
       1192   0.304266100000E+05  -0.875425200000E+04   0.196259950287E+01
       1193   0.313998500000E+05  -0.906674100000E+04   0.196411599429E+01
       1194   0.310792400000E+05  -0.890767200000E+04   0.196373322010E+01
       1195   0.308309500000E+05  -0.864019300000E+04   0.196315489416E+01
       1196   0.323622200000E+05  -0.898701300000E+04   0.196427383429E+01
       1197   0.320141200000E+05  -0.899782100000E+04   0.196421953789E+01
       1198   0.317025800000E+05  -0.883553100000E+04   0.196401289431E+01
       1200   0.329198000000E+05  -0.863292700000E+04   0.196308267999E+01
       1199   0.325512600000E+05  -0.870764900000E+04   0.196386858802E+01
       1201   0.333078600000E+05  -0.852247300000E+04   0.196254266139E+01
       1202   0.337233800000E+05  -0.838065400000E+04   0.196277040235E+01
       1203   0.341187800000E+05  -0.824419600000E+04   0.196368610036E+01
       1144   0.349624900000E+05  -0.847021000000E+04   0.196706323534E+01
       1204   0.345965900000E+05  -0.821345400000E+04   0.196549259583E+01
       1205   0.350285800000E+05  -0.808649800000E+04   0.196739797176E+01
       1233   0.279940300000E+05  -0.742470900000E+04   0.195715501471E+01
       1176   0.275236200000E+05  -0.755364000000E+04   0.195601606573E+01
       1234   0.276394300000E+05  -0.707945400000E+04   0.195577636954E+01
       1177   0.271574200000E+05  -0.722029800000E+04   0.195463510767E+01
       1235   0.272657200000E+05  -0.673086100000E+04   0.195467922614E+01
       1182   0.267702600000E+05  -0.688552200000E+04   0.195336389221E+01
       1238   0.253696800000E+05  -0.542161500000E+04   0.194824352766E+01
       1181   0.254228800000E+05  -0.596501600000E+04   0.194641040143E+01
       1239   0.259434700000E+05  -0.567784300000E+04   0.194973169673E+01
       1183   0.259101300000E+05  -0.624411800000E+04   0.194923109809E+01
       1240   0.268718100000E+05  -0.637870300000E+04   0.195364046312E+01
       1184   0.263567200000E+05  -0.655652300000E+04   0.195190941155E+01
       1241   0.264406300000E+05  -0.604446100000E+04   0.195205025833E+01
       1242   0.297741000000E+05  -0.867304800000E+04   0.196190231523E+01
       1243   0.294609200000E+05  -0.832934100000E+04   0.196193582849E+01
       1244   0.291322900000E+05  -0.807655600000E+04   0.196156130018E+01
       1245   0.288857800000E+05  -0.774788200000E+04   0.195966704044E+01
       1246   0.285588600000E+05  -0.740863200000E+04   0.195745931900E+01
       1247   0.301190200000E+05  -0.846965000000E+04   0.196174022117E+01
       1248   0.305275000000E+05  -0.835345600000E+04   0.196240376064E+01
       1249   0.313310400000E+05  -0.861691100000E+04   0.196379742971E+01
       1250   0.310100300000E+05  -0.830611300000E+04   0.196347480171E+01
       1251   0.321527800000E+05  -0.861779400000E+04   0.196396728680E+01
       1252   0.317939200000E+05  -0.839748000000E+04   0.196380834034E+01
       1253   0.325922600000E+05  -0.836258400000E+04   0.196313494639E+01
       1254   0.330030300000E+05  -0.823226000000E+04   0.196213900839E+01
       1255   0.334083000000E+05  -0.810421600000E+04   0.196190978456E+01
       1256   0.338043000000E+05  -0.796503800000E+04   0.196259814975E+01
       1257   0.342683200000E+05  -0.789054400000E+04   0.196416051731E+01
       1258   0.347163200000E+05  -0.781173100000E+04   0.196609477776E+01
       1259   0.351971400000E+05  -0.775739400000E+04   0.196766269163E+01
       1285   0.282196000000E+05  -0.705490000000E+04   0.195637110767E+01
       1286   0.278637600000E+05  -0.669384300000E+04   0.195566199894E+01
       1287   0.274809400000E+05  -0.632832900000E+04   0.195499346302E+01
       1292   0.265730500000E+05  -0.557314700000E+04   0.195273017812E+01
       1291   0.261730300000E+05  -0.523148400000E+04   0.195176650076E+01
       1290   0.256913200000E+05  -0.504020800000E+04   0.195062494651E+01
       1293   0.270695300000E+05  -0.591417600000E+04   0.195404123408E+01
       1294   0.298128000000E+05  -0.815621800000E+04   0.196163255783E+01
       1295   0.294552100000E+05  -0.781329400000E+04   0.196123981583E+01
       1296   0.291310200000E+05  -0.741581600000E+04   0.195795143458E+01
       1297   0.288015100000E+05  -0.705222000000E+04   0.195701585495E+01
       1298   0.302260200000E+05  -0.803824800000E+04   0.196193288134E+01
       1299   0.306971700000E+05  -0.797964600000E+04   0.196287457006E+01
       1300   0.314862000000E+05  -0.811922900000E+04   0.196380931839E+01
       1301   0.311523100000E+05  -0.789628800000E+04   0.196366545218E+01
       1302   0.322517500000E+05  -0.812769400000E+04   0.196320519941E+01
       1303   0.319332000000E+05  -0.783617800000E+04   0.196345008762E+01
       1304   0.326827500000E+05  -0.793416200000E+04   0.196226770763E+01
       1305   0.330947000000E+05  -0.779904200000E+04   0.196169052653E+01
       1306   0.334926900000E+05  -0.765897000000E+04   0.196200131055E+01
       1307   0.339511500000E+05  -0.758197900000E+04   0.196315276734E+01
       1308   0.344079900000E+05  -0.750521900000E+04   0.196482920462E+01
       1309   0.348881700000E+05  -0.746147200000E+04   0.196635109865E+01
       1334   0.284627500000E+05  -0.668286200000E+04   0.195687696768E+01
       1335   0.281084000000E+05  -0.631048500000E+04   0.195643390772E+01
       1336   0.277340600000E+05  -0.594537700000E+04   0.195578768899E+01
       1339   0.260547500000E+05  -0.465873800000E+04   0.195220017105E+01
       1340   0.265530900000E+05  -0.496398700000E+04   0.195331583972E+01
       1341   0.269959400000E+05  -0.529921900000E+04   0.195440948736E+01
       1342   0.274185600000E+05  -0.557162000000E+04   0.195532297791E+01
       1343   0.299210700000E+05  -0.770283600000E+04   0.196189514538E+01
       1344   0.296169000000E+05  -0.734908700000E+04   0.195855918688E+01
       1346   0.293041800000E+05  -0.698140800000E+04   0.195665428909E+01
       1345   0.289788900000E+05  -0.660373700000E+04   0.195725294774E+01
       1347   0.304100300000E+05  -0.763824700000E+04   0.196286703935E+01
       1348   0.309511200000E+05  -0.753509100000E+04   0.196374419190E+01
       1349   0.315637000000E+05  -0.750027800000E+04   0.196362180936E+01
       1350   0.323704600000E+05  -0.761864500000E+04   0.196277121460E+01
       1351   0.320566000000E+05  -0.728657500000E+04   0.196318779056E+01
       1352   0.327865700000E+05  -0.747251400000E+04   0.196204955338E+01
       1353   0.331850100000E+05  -0.732663600000E+04   0.196205335594E+01
       1354   0.336438700000E+05  -0.725133200000E+04   0.196274539924E+01
       1355   0.341025900000E+05  -0.717715300000E+04   0.196408270426E+01
       1356   0.345843700000E+05  -0.713945200000E+04   0.196535186811E+01
       1379   0.286353000000E+05  -0.622172900000E+04   0.195718293168E+01
       1380   0.282789000000E+05  -0.583813200000E+04   0.195668566294E+01
       1381   0.279057500000E+05  -0.545638900000E+04   0.195615944018E+01
       1383   0.265740100000E+05  -0.441043400000E+04   0.195352696221E+01
       1382   0.260305000000E+05  -0.406839000000E+04   0.195267771092E+01
       1384   0.270551800000E+05  -0.473617400000E+04   0.195454496819E+01
       1385   0.274936800000E+05  -0.508188200000E+04   0.195550648394E+01
       1387   0.301108600000E+05  -0.727935000000E+04   0.196067438256E+01
       1388   0.298107200000E+05  -0.690286200000E+04   0.195637779130E+01
       1389   0.294946400000E+05  -0.653605800000E+04   0.195657290241E+01
       1386   0.291474500000E+05  -0.613815800000E+04   0.195715469035E+01
       1391   0.306534800000E+05  -0.717722200000E+04   0.196354423453E+01
       1392   0.312675400000E+05  -0.706959000000E+04   0.196374498050E+01
       1393   0.317598800000E+05  -0.691682800000E+04   0.196320548763E+01
       1394   0.324882300000E+05  -0.712396800000E+04   0.196261426128E+01
       1395   0.321783500000E+05  -0.682509000000E+04   0.196297265962E+01
       1396   0.328815200000E+05  -0.696630700000E+04   0.196253517684E+01
       1397   0.333442700000E+05  -0.689645900000E+04   0.196284402114E+01
       1398   0.338047300000E+05  -0.682381200000E+04   0.196372916015E+01
       1399   0.342877200000E+05  -0.679106100000E+04   0.196462332659E+01
       1422   0.288166200000E+05  -0.574688000000E+04   0.195723055887E+01
       1423   0.284492800000E+05  -0.535444400000E+04   0.195693535113E+01
       1424   0.280631300000E+05  -0.496646000000E+04   0.195647297276E+01
       1425   0.267342500000E+05  -0.393028800000E+04   0.195431363239E+01
       1426   0.272079300000E+05  -0.424071700000E+04   0.195515524863E+01
       1427   0.276499500000E+05  -0.459420900000E+04   0.195590009225E+01
       1390   0.296016700000E+05  -0.607013700000E+04   0.195657900636E+01
       1428   0.293689000000E+05  -0.563747700000E+04   0.195713146817E+01
       1429   0.303532200000E+05  -0.679193800000E+04   0.195799466305E+01
       1430   0.300466500000E+05  -0.634976700000E+04   0.195538728998E+01
       1431   0.299329000000E+05  -0.574750900000E+04   0.195615574244E+01
       1432   0.309734100000E+05  -0.667691200000E+04   0.196205358382E+01
       1433   0.314791300000E+05  -0.651388000000E+04   0.196283641829E+01
       1434   0.319617000000E+05  -0.643749900000E+04   0.196279618185E+01
       1435   0.325356700000E+05  -0.656710200000E+04   0.196304335604E+01
       1436   0.330475800000E+05  -0.651903000000E+04   0.196312017172E+01
       1437   0.335150400000E+05  -0.644518100000E+04   0.196371095005E+01
       1438   0.340001700000E+05  -0.641617700000E+04   0.196429897333E+01
       1458   0.267617900000E+05  -0.336533300000E+04   0.195460957763E+01
       1420   0.263003900000E+05  -0.362049300000E+04   0.195338695832E+01
       1460   0.289674200000E+05  -0.526341900000E+04   0.195749326655E+01
       1461   0.286097200000E+05  -0.485696800000E+04   0.195730318557E+01
       1462   0.282238700000E+05  -0.446091300000E+04   0.195706495302E+01
       1463   0.273210500000E+05  -0.368516900000E+04   0.195602788966E+01
       1464   0.277997700000E+05  -0.408981000000E+04   0.195667677464E+01
       1466   0.297670100000E+05  -0.526019300000E+04   0.195717375941E+01
       1465   0.293992500000E+05  -0.517192600000E+04   0.195745921316E+01
       1467   0.306899100000E+05  -0.626989400000E+04   0.195616995768E+01
       1468   0.304225100000E+05  -0.587874500000E+04   0.195513198699E+01
       1469   0.303065300000E+05  -0.540239500000E+04   0.195593864676E+01
       1470   0.311975900000E+05  -0.609071400000E+04   0.196063051078E+01
       1471   0.316846800000E+05  -0.602663700000E+04   0.196217074327E+01
       1472   0.322552900000E+05  -0.610697900000E+04   0.196269460185E+01
       1473   0.327703500000E+05  -0.611886300000E+04   0.196318101633E+01
       1474   0.332377600000E+05  -0.604133600000E+04   0.196368134767E+01
       1475   0.337237200000E+05  -0.601482500000E+04   0.196421596406E+01
       1495   0.271705800000E+05  -0.303573300000E+04   0.195564318163E+01
       1459   0.266597500000E+05  -0.274429700000E+04   0.195350126547E+01
       1497   0.271633600000E+05  -0.245019700000E+04   0.195420301872E+01
       1498   0.291251500000E+05  -0.478265800000E+04   0.195758461076E+01
       1499   0.288029700000E+05  -0.436080500000E+04   0.195746340678E+01
       1500   0.284723800000E+05  -0.393268200000E+04   0.195728108211E+01
       1501   0.280590100000E+05  -0.361751900000E+04   0.195689868389E+01
       1496   0.276305900000E+05  -0.327865700000E+04   0.195642689414E+01
       1503   0.295486400000E+05  -0.476371000000E+04   0.195770161049E+01
       1504   0.300650000000E+05  -0.492212000000E+04   0.195730317707E+01
       1505   0.308885100000E+05  -0.562890000000E+04   0.195517743170E+01
       1506   0.306497400000E+05  -0.508801000000E+04   0.195528986133E+01
       1507   0.314168700000E+05  -0.558820500000E+04   0.196044028819E+01
       1508   0.319835500000E+05  -0.566998200000E+04   0.196207895077E+01
       1509   0.325071600000E+05  -0.568620600000E+04   0.196276573365E+01
       1510   0.329739100000E+05  -0.561244900000E+04   0.196337451985E+01
       1511   0.334603900000E+05  -0.558717500000E+04   0.196401400386E+01
       1530   0.276987800000E+05  -0.276541800000E+04   0.195612633127E+01
       1502   0.281248600000E+05  -0.318908000000E+04   0.195692518171E+01
       1531   0.275917600000E+05  -0.214342000000E+04   0.195453132188E+01
       1533   0.292932600000E+05  -0.428317600000E+04   0.195782458410E+01
       1534   0.290456300000E+05  -0.379091400000E+04   0.195776876632E+01
       1535   0.287556000000E+05  -0.327194800000E+04   0.195740347454E+01
       1532   0.283133600000E+05  -0.288984100000E+04   0.195684143419E+01
       1536   0.298342200000E+05  -0.442089000000E+04   0.195794382139E+01
       1537   0.304126900000E+05  -0.459073400000E+04   0.195713567300E+01
       1538   0.311712100000E+05  -0.513090500000E+04   0.195649424113E+01
       1539   0.309430400000E+05  -0.464412000000E+04   0.195500258520E+01
       1540   0.317322400000E+05  -0.521437900000E+04   0.196163249276E+01
       1541   0.322555300000E+05  -0.523428100000E+04   0.196200889399E+01
       1542   0.327252100000E+05  -0.515757900000E+04   0.196272791701E+01
       1543   0.332121700000E+05  -0.513353500000E+04   0.196349999610E+01
       1561   0.281381400000E+05  -0.241798100000E+04   0.195635399446E+01
       1563   0.287181200000E+05  -0.262572800000E+04   0.195716395750E+01
       1564   0.296202700000E+05  -0.390593500000E+04   0.195819085241E+01
       1565   0.294185200000E+05  -0.337225800000E+04   0.195814811549E+01
       1566   0.292532900000E+05  -0.284440900000E+04   0.195792469601E+01
       1567   0.301985600000E+05  -0.408235800000E+04   0.195812035154E+01
       1568   0.307290500000E+05  -0.413922700000E+04   0.195650909509E+01
       1569   0.314983600000E+05  -0.473778500000E+04   0.195859663371E+01
       1570   0.312761000000E+05  -0.424519400000E+04   0.195616530839E+01
       1571   0.320216400000E+05  -0.475946900000E+04   0.196121097519E+01
       1572   0.324922600000E+05  -0.467761000000E+04   0.196162017384E+01
       1573   0.329811100000E+05  -0.465435100000E+04   0.196254143431E+01
       1591   0.285730500000E+05  -0.205652500000E+04   0.195654950826E+01
       1593   0.291274700000E+05  -0.226635900000E+04   0.195735387133E+01
       1594   0.300048400000E+05  -0.355777400000E+04   0.195848536315E+01
       1595   0.298415400000E+05  -0.302155300000E+04   0.195843888022E+01
       1596   0.296398700000E+05  -0.253122400000E+04   0.195810371894E+01
       1597   0.305329900000E+05  -0.361417100000E+04   0.195774615529E+01
       1598   0.310759800000E+05  -0.372008500000E+04   0.195623600137E+01
       1599   0.318106300000E+05  -0.426470800000E+04   0.195971379686E+01
       1600   0.315710300000E+05  -0.382754500000E+04   0.195764302881E+01
       1601   0.322775900000E+05  -0.416880600000E+04   0.196044906294E+01
       1602   0.327692200000E+05  -0.415020000000E+04   0.196130114730E+01
       1622   0.303621200000E+05  -0.306843000000E+04   0.195833131016E+01
       1623   0.301633200000E+05  -0.246777100000E+04   0.195844190008E+01
       1624   0.309071900000E+05  -0.318565100000E+04   0.195686783989E+01
       1625   0.314662900000E+05  -0.332518800000E+04   0.195716026694E+01
       1626   0.320344600000E+05  -0.361094600000E+04   0.195926552915E+01
       1627   0.325785700000E+05  -0.362179400000E+04   0.196003072459E+01
       1647   0.307462400000E+05  -0.263253700000E+04   0.195755350504E+01
       1649   0.313039300000E+05  -0.278027200000E+04   0.195726754612E+01
       1650   0.318824300000E+05  -0.299742600000E+04   0.195877416245E+01
       1651   0.324112400000E+05  -0.306998000000E+04   0.195921167172E+01
       1673   0.317377600000E+05  -0.242212400000E+04   0.195885750919E+01
       1674   0.322693300000E+05  -0.249574800000E+04   0.195936670455E+01
       2594   0.544842100000E+05   0.101978900000E+05   0.199747412038E+01
       2599   0.544842100000E+05   0.102652600000E+05   0.199747046870E+01
       2595   0.543157900000E+05   0.102614000000E+05   0.199766876230E+01
       2600   0.543157900000E+05   0.103307000000E+05   0.199759119190E+01
       2596   0.541473700000E+05   0.103287700000E+05   0.199778418054E+01
       2598   0.546526300000E+05   0.102036800000E+05   0.199730203839E+01
       2603   0.546526300000E+05   0.102691200000E+05   0.199729218052E+01
       2604   0.544842100000E+05   0.103326300000E+05   0.199739354444E+01
       2605   0.543157900000E+05   0.104000000000E+05   0.199750144321E+01
       2601   0.541473700000E+05   0.104000000000E+05   0.199768964462E+01
       2602   0.548210500000E+05   0.102094700000E+05   0.199708466201E+01
       2607   0.548210500000E+05   0.102729800000E+05   0.199707217728E+01
       2608   0.546526300000E+05   0.103345600000E+05   0.199721786566E+01
       2609   0.544842100000E+05   0.104000000000E+05   0.199730759444E+01
       2606   0.549894700000E+05   0.102152600000E+05   0.199696706859E+01
       2611   0.549894700000E+05   0.102768400000E+05   0.199693680799E+01
       2612   0.548210500000E+05   0.103364900000E+05   0.199700283221E+01
       2613   0.546526300000E+05   0.104000000000E+05   0.199714189170E+01
       2610   0.551578900000E+05   0.102210500000E+05   0.199666269122E+01
       2615   0.551578900000E+05   0.102807000000E+05   0.199665451625E+01
       2616   0.549894700000E+05   0.103384200000E+05   0.199687221300E+01
       2617   0.548210500000E+05   0.104000000000E+05   0.199692626911E+01
       2614   0.553263200000E+05   0.102268400000E+05   0.199675905213E+01
       2619   0.553263200000E+05   0.102845600000E+05   0.199671252905E+01
       2620   0.551578900000E+05   0.103403500000E+05   0.199658544623E+01
       2621   0.549894700000E+05   0.104000000000E+05   0.199680194571E+01
       2618   0.554947400000E+05   0.102326300000E+05   0.199654349555E+01
       2623   0.554947400000E+05   0.102884200000E+05   0.199652603963E+01
       2624   0.553263200000E+05   0.103422800000E+05   0.199663418497E+01
       2625   0.551578900000E+05   0.104000000000E+05   0.199649070954E+01
       2622   0.556631600000E+05   0.102384200000E+05   0.199635883893E+01
       2627   0.556631600000E+05   0.102922800000E+05   0.199629721659E+01
       2628   0.554947400000E+05   0.103442100000E+05   0.199645303053E+01
       2629   0.553263200000E+05   0.104000000000E+05   0.199650782542E+01
       2626   0.558315800000E+05   0.102442100000E+05   0.199637925214E+01
       2631   0.558315800000E+05   0.102961400000E+05   0.199640103694E+01
       2632   0.556631600000E+05   0.103461400000E+05   0.199632362821E+01
       2633   0.554947400000E+05   0.104000000000E+05   0.199640041140E+01
       2630   0.560000000000E+05   0.102500000000E+05   0.199636311213E+01
       2634   0.560000000000E+05   0.103000000000E+05   0.199639131380E+01
       2635   0.558315800000E+05   0.103480700000E+05   0.199641403542E+01
       2636   0.556631600000E+05   0.104000000000E+05   0.199634871411E+01
       2637   0.560000000000E+05   0.103500000000E+05   0.199641920491E+01
       2638   0.558315800000E+05   0.104000000000E+05   0.199642910341E+01
       2639   0.560000000000E+05   0.104000000000E+05   0.199646984251E+01
       2590   0.543157900000E+05   0.101921100000E+05   0.199767106641E+01
