         323           8
        309   0.443789500000E+05  -0.104000000000E+05   0.200243687747E+01
        314   0.443789500000E+05  -0.102901100000E+05   0.200194705088E+01
        315   0.442105300000E+05  -0.104000000000E+05   0.200239179012E+01
        319   0.443789500000E+05  -0.101802100000E+05   0.200155879805E+01
        320   0.442105300000E+05  -0.102889500000E+05   0.200235468349E+01
        321   0.440421100000E+05  -0.104000000000E+05   0.200269054847E+01
        318   0.445473700000E+05  -0.100737900000E+05   0.200132068919E+01
        322   0.445473700000E+05  -0.996505300000E+04   0.200183047097E+01
        324   0.443789500000E+05  -0.100703200000E+05   0.200140551640E+01
        325   0.442105300000E+05  -0.101778900000E+05   0.200228070030E+01
        326   0.440421100000E+05  -0.102877900000E+05   0.200273599925E+01
        327   0.438736800000E+05  -0.104000000000E+05   0.200278371011E+01
        329   0.445473700000E+05  -0.985631600000E+04   0.200240488105E+01
        328   0.443789500000E+05  -0.996042100000E+04   0.200168208120E+01
        330   0.442105300000E+05  -0.100668400000E+05   0.200215609834E+01
        331   0.440421100000E+05  -0.101755800000E+05   0.200277718959E+01
        332   0.438736800000E+05  -0.102866300000E+05   0.200263186980E+01
        333   0.437052600000E+05  -0.104000000000E+05   0.200223862868E+01
        335   0.443789500000E+05  -0.985052600000E+04   0.200195946699E+01
        334   0.442105300000E+05  -0.995578900000E+04   0.200235539074E+01
        336   0.440421100000E+05  -0.100633700000E+05   0.200276777235E+01
        337   0.438736800000E+05  -0.101732600000E+05   0.200256561645E+01
        338   0.437052600000E+05  -0.102854700000E+05   0.200184039766E+01
        339   0.435368400000E+05  -0.104000000000E+05   0.200201644443E+01
        341   0.442105300000E+05  -0.984473700000E+04   0.200261365461E+01
        340   0.440421100000E+05  -0.995115800000E+04   0.200276705606E+01
        342   0.438736800000E+05  -0.100598900000E+05   0.200256911312E+01
        343   0.437052600000E+05  -0.101709500000E+05   0.200171887484E+01
        344   0.435368400000E+05  -0.102843200000E+05   0.200171496494E+01
        345   0.433684200000E+05  -0.104000000000E+05   0.200234474341E+01
        347   0.440421100000E+05  -0.983894700000E+04   0.200276700827E+01
        346   0.438736800000E+05  -0.994652600000E+04   0.200254448062E+01
        348   0.437052600000E+05  -0.100564200000E+05   0.200182537702E+01
        349   0.435368400000E+05  -0.101686300000E+05   0.200158912467E+01
        350   0.433684200000E+05  -0.102831600000E+05   0.200210041962E+01
        351   0.432000000000E+05  -0.104000000000E+05   0.200246445174E+01
        353   0.438736800000E+05  -0.983315800000E+04   0.200257845905E+01
        352   0.437052600000E+05  -0.994189500000E+04   0.200196048037E+01
        354   0.435368400000E+05  -0.100529500000E+05   0.200165628139E+01
        355   0.433684200000E+05  -0.101663200000E+05   0.200192847462E+01
        356   0.432000000000E+05  -0.102820000000E+05   0.200215547851E+01
        357   0.430315800000E+05  -0.104000000000E+05   0.200190307900E+01
        359   0.437052600000E+05  -0.982736800000E+04   0.200212971837E+01
        358   0.435368400000E+05  -0.993726300000E+04   0.200185609607E+01
        360   0.433684200000E+05  -0.100494700000E+05   0.200193951086E+01
        361   0.432000000000E+05  -0.101640000000E+05   0.200190327406E+01
        362   0.430315800000E+05  -0.102808400000E+05   0.200149469381E+01
        363   0.428631600000E+05  -0.104000000000E+05   0.200213145539E+01
        365   0.435368400000E+05  -0.982157900000E+04   0.200208406163E+01
        364   0.433684200000E+05  -0.993263200000E+04   0.200212857451E+01
        366   0.432000000000E+05  -0.100460000000E+05   0.200193501875E+01
        367   0.430315800000E+05  -0.101616800000E+05   0.200110303854E+01
        368   0.428631600000E+05  -0.102796800000E+05   0.200167182599E+01
        369   0.426947400000E+05  -0.104000000000E+05   0.200443047619E+01
        371   0.433684200000E+05  -0.981578900000E+04   0.200234364615E+01
        370   0.432000000000E+05  -0.992800000000E+04   0.200212034587E+01
        372   0.430315800000E+05  -0.100425300000E+05   0.200118064647E+01
        373   0.428631600000E+05  -0.101593700000E+05   0.200107167587E+01
        374   0.426947400000E+05  -0.102785300000E+05   0.200369041120E+01
        375   0.425263200000E+05  -0.104000000000E+05   0.200564962050E+01
        377   0.432000000000E+05  -0.981000000000E+04   0.200234084769E+01
        376   0.430315800000E+05  -0.992336800000E+04   0.200144918434E+01
        378   0.428631600000E+05  -0.100390500000E+05   0.200111305840E+01
        379   0.426947400000E+05  -0.101570500000E+05   0.200260395270E+01
        380   0.425263200000E+05  -0.102773700000E+05   0.200499760176E+01
        381   0.423578900000E+05  -0.104000000000E+05   0.200317227893E+01
        383   0.430315800000E+05  -0.980421100000E+04   0.200173816440E+01
        382   0.428631600000E+05  -0.991873700000E+04   0.200160421582E+01
        384   0.426947400000E+05  -0.100355800000E+05   0.200214498781E+01
        385   0.425263200000E+05  -0.101547400000E+05   0.200420113705E+01
        386   0.423578900000E+05  -0.102762100000E+05   0.200286419838E+01
        387   0.421894700000E+05  -0.104000000000E+05   0.200215431853E+01
        389   0.428631600000E+05  -0.979842100000E+04   0.200223175491E+01
        388   0.426947400000E+05  -0.991410500000E+04   0.200265231189E+01
        390   0.425263200000E+05  -0.100321100000E+05   0.200393446891E+01
        391   0.423578900000E+05  -0.101524200000E+05   0.200266520748E+01
        392   0.421894700000E+05  -0.102750500000E+05   0.200288751611E+01
        393   0.420210500000E+05  -0.104000000000E+05   0.200776922760E+01
        395   0.426947400000E+05  -0.979263200000E+04   0.200364867256E+01
        394   0.425263200000E+05  -0.990947400000E+04   0.200471474363E+01
        396   0.423578900000E+05  -0.100286300000E+05   0.200310481737E+01
        397   0.421894700000E+05  -0.101501100000E+05   0.200317072778E+01
        398   0.420210500000E+05  -0.102738900000E+05   0.200799843273E+01
        399   0.418526300000E+05  -0.104000000000E+05   0.201140374321E+01
        401   0.425263200000E+05  -0.978684200000E+04   0.200570991048E+01
        400   0.423578900000E+05  -0.990484200000E+04   0.200381590187E+01
        402   0.421894700000E+05  -0.100251600000E+05   0.200359989930E+01
        403   0.420210500000E+05  -0.101477900000E+05   0.200786440606E+01
        404   0.418526300000E+05  -0.102727400000E+05   0.201072479498E+01
        405   0.416842100000E+05  -0.104000000000E+05   0.201109784351E+01
        407   0.423578900000E+05  -0.978105300000E+04   0.200408169848E+01
        406   0.421894700000E+05  -0.990021100000E+04   0.200399953014E+01
        408   0.420210500000E+05  -0.100216800000E+05   0.200810280675E+01
        409   0.418526300000E+05  -0.101454700000E+05   0.201013837310E+01
        410   0.416842100000E+05  -0.102715800000E+05   0.201006025832E+01
        411   0.415157900000E+05  -0.104000000000E+05   0.200976874663E+01
        413   0.421894700000E+05  -0.977526300000E+04   0.200427544055E+01
        412   0.420210500000E+05  -0.989557900000E+04   0.200852127916E+01
        414   0.418526300000E+05  -0.100182100000E+05   0.201016550165E+01
        415   0.416842100000E+05  -0.101431600000E+05   0.200921782459E+01
        416   0.415157900000E+05  -0.102704200000E+05   0.201040143824E+01
        417   0.413473700000E+05  -0.104000000000E+05   0.201928625257E+01
        419   0.420210500000E+05  -0.976947400000E+04   0.200909896459E+01
        418   0.418526300000E+05  -0.989094700000E+04   0.201072026910E+01
        420   0.416842100000E+05  -0.100147400000E+05   0.200909244972E+01
        421   0.415157900000E+05  -0.101408400000E+05   0.201087471448E+01
        422   0.413473700000E+05  -0.102692600000E+05   0.201953850274E+01
        423   0.411789500000E+05  -0.104000000000E+05   0.202653675172E+01
        425   0.418526300000E+05  -0.976368400000E+04   0.201138403574E+01
        424   0.416842100000E+05  -0.988631600000E+04   0.200959881936E+01
        426   0.415157900000E+05  -0.100112600000E+05   0.201115723458E+01
        427   0.413473700000E+05  -0.101385300000E+05   0.201956030927E+01
        428   0.411789500000E+05  -0.102681100000E+05   0.202586961336E+01
        429   0.410105300000E+05  -0.104000000000E+05   0.202712801681E+01
        431   0.416842100000E+05  -0.975789500000E+04   0.201015306135E+01
        430   0.415157900000E+05  -0.988168400000E+04   0.201143652530E+01
        432   0.413473700000E+05  -0.100077900000E+05   0.201979543931E+01
        433   0.411789500000E+05  -0.101362100000E+05   0.202510633342E+01
        434   0.410105300000E+05  -0.102669500000E+05   0.202529607890E+01
        435   0.408421100000E+05  -0.104000000000E+05   0.202244498551E+01
        437   0.415157900000E+05  -0.975210500000E+04   0.201171633852E+01
        436   0.413473700000E+05  -0.987705300000E+04   0.202037777868E+01
        438   0.411789500000E+05  -0.100043200000E+05   0.202516642273E+01
        439   0.410105300000E+05  -0.101338900000E+05   0.202359399692E+01
        440   0.408421100000E+05  -0.102657900000E+05   0.202413819555E+01
        441   0.406736800000E+05  -0.104000000000E+05   0.204612562917E+01
        443   0.413473700000E+05  -0.974631600000E+04   0.202108274476E+01
        442   0.411789500000E+05  -0.987242100000E+04   0.202608113546E+01
        444   0.410105300000E+05  -0.100008400000E+05   0.202337015724E+01
        445   0.408421100000E+05  -0.101315800000E+05   0.202534697976E+01
        446   0.406736800000E+05  -0.102646300000E+05   0.204670353928E+01
        447   0.405052600000E+05  -0.104000000000E+05   0.206468315490E+01
        449   0.411789500000E+05  -0.974052600000E+04   0.202721767890E+01
        448   0.410105300000E+05  -0.986778900000E+04   0.202447199113E+01
        450   0.408421100000E+05  -0.999736800000E+04   0.202602486955E+01
        451   0.406736800000E+05  -0.101292600000E+05   0.204679240397E+01
        452   0.405052600000E+05  -0.102634700000E+05   0.206331745442E+01
        453   0.403368400000E+05  -0.104000000000E+05   0.206694878519E+01
        455   0.410105300000E+05  -0.973473700000E+04   0.202581458583E+01
        454   0.408421100000E+05  -0.986315800000E+04   0.202657194970E+01
        456   0.406736800000E+05  -0.999389500000E+04   0.204735544918E+01
        457   0.405052600000E+05  -0.101269500000E+05   0.206188737397E+01
        458   0.403368400000E+05  -0.102623200000E+05   0.206208140577E+01
        459   0.401684200000E+05  -0.104000000000E+05   0.204637622144E+01
        461   0.408421100000E+05  -0.972894700000E+04   0.202726621667E+01
        460   0.406736800000E+05  -0.985852600000E+04   0.204872468258E+01
        463   0.405052600000E+05  -0.999042100000E+04   0.206209462562E+01
        464   0.403368400000E+05  -0.101246300000E+05   0.205942806193E+01
        465   0.401684200000E+05  -0.102611600000E+05   0.204510697470E+01
        473   0.400000000000E+05  -0.102833300000E+05   0.201109884052E+01
        468   0.406736800000E+05  -0.972315800000E+04   0.205052774892E+01
        467   0.405052600000E+05  -0.985389500000E+04   0.206392566470E+01
        471   0.403368400000E+05  -0.998694700000E+04   0.205902556600E+01
        472   0.401684200000E+05  -0.101223200000E+05   0.204531185936E+01
        483   0.400000000000E+05  -0.101666700000E+05   0.201249786453E+01
        466   0.400000000000E+05  -0.104000000000E+05   0.200907778029E+01
        484   0.398267900000E+05  -0.102830700000E+05   0.201316560521E+01
        476   0.405052600000E+05  -0.971736800000E+04   0.206616728104E+01
        475   0.403368400000E+05  -0.984926300000E+04   0.206006080527E+01
        482   0.401684200000E+05  -0.998347400000E+04   0.204503997453E+01
        499   0.400000000000E+05  -0.100500000000E+05   0.201290578595E+01
        501   0.398324100000E+05  -0.101661300000E+05   0.201028263765E+01
        474   0.398211700000E+05  -0.104000000000E+05   0.201550138145E+01
        502   0.396422600000E+05  -0.102821600000E+05   0.201149875635E+01
        487   0.403368400000E+05  -0.971157900000E+04   0.206108654639E+01
        486   0.401684200000E+05  -0.984463200000E+04   0.204393196602E+01
        500   0.400000000000E+05  -0.993333300000E+04   0.201214500631E+01
        526   0.398380400000E+05  -0.100492000000E+05   0.200875681006E+01
        528   0.396528100000E+05  -0.101643200000E+05   0.201043694488E+01
        485   0.396317000000E+05  -0.104000000000E+05   0.201177532607E+01
        529   0.394458900000E+05  -0.102804300000E+05   0.199919133314E+01
        505   0.401684200000E+05  -0.970578900000E+04   0.204340580981E+01
        504   0.400000000000E+05  -0.981666700000E+04   0.201024239045E+01
        527   0.398436600000E+05  -0.993227000000E+04   0.200918237100E+01
        531   0.398492900000E+05  -0.981533700000E+04   0.201124730503E+01
        551   0.396633600000E+05  -0.100464700000E+05   0.201008523357E+01
        553   0.394608000000E+05  -0.101608500000E+05   0.199993009186E+01
        503   0.394309700000E+05  -0.104000000000E+05   0.199788426492E+01
        554   0.392371600000E+05  -0.102776800000E+05   0.198444174196E+01
        532   0.400000000000E+05  -0.970000000000E+04   0.200806622843E+01
        557   0.398549100000E+05  -0.969840500000E+04   0.201341813759E+01
        552   0.396739100000E+05  -0.992863300000E+04   0.201091218344E+01
        556   0.396844700000E+05  -0.981079100000E+04   0.201266362455E+01
        575   0.394757200000E+05  -0.100412800000E+05   0.200067420156E+01
        577   0.392560100000E+05  -0.101553600000E+05   0.198426502875E+01
        530   0.392183000000E+05  -0.104000000000E+05   0.198653577333E+01
        578   0.390155200000E+05  -0.102737100000E+05   0.198826066643E+01
        581   0.396950200000E+05  -0.969294900000E+04   0.201433650709E+01
        576   0.394906300000E+05  -0.992170500000E+04   0.200182327256E+01
        580   0.395055500000E+05  -0.980213200000E+04   0.200312852825E+01
        597   0.392748700000E+05  -0.100330300000E+05   0.198549076749E+01
        599   0.390380600000E+05  -0.101474100000E+05   0.198731858222E+01
        555   0.389929900000E+05  -0.104000000000E+05   0.198869791381E+01
        600   0.387804200000E+05  -0.102682900000E+05   0.198349122699E+01
        603   0.395204700000E+05  -0.968255800000E+04   0.200432022437E+01
        598   0.392937300000E+05  -0.991071200000E+04   0.198655116505E+01
        602   0.393125800000E+05  -0.978839000000E+04   0.198741970258E+01
        618   0.390606000000E+05  -0.100211200000E+05   0.198681981996E+01
        620   0.388065600000E+05  -0.101365800000E+05   0.198386071671E+01
        579   0.387542800000E+05  -0.104000000000E+05   0.198251113677E+01
        621   0.385312500000E+05  -0.102612000000E+05   0.197551090476E+01
        624   0.393314400000E+05  -0.966606900000E+04   0.198810900506E+01
        619   0.390831400000E+05  -0.989482200000E+04   0.198697426376E+01
        623   0.391056700000E+05  -0.976852700000E+04   0.198772390349E+01
        639   0.388327000000E+05  -0.100048600000E+05   0.198412498478E+01
        641   0.385611200000E+05  -0.101223900000E+05   0.197639246243E+01
        601   0.385013700000E+05  -0.104000000000E+05   0.197633869635E+01
        642   0.382674000000E+05  -0.102521900000E+05   0.197668957797E+01
        645   0.391282100000E+05  -0.964223300000E+04   0.198860599299E+01
        640   0.388588400000E+05  -0.987315300000E+04   0.198451554511E+01
        644   0.388849800000E+05  -0.974144100000E+04   0.198506042943E+01
        670   0.385910000000E+05  -0.998358800000E+04   0.197705753976E+01
        672   0.383013800000E+05  -0.101043800000E+05   0.197644611861E+01
        622   0.382334200000E+05  -0.104000000000E+05   0.197661381634E+01
        673   0.379882500000E+05  -0.102410300000E+05   0.197381273252E+01
        676   0.389111200000E+05  -0.960973000000E+04   0.198569010419E+01
        671   0.386208800000E+05  -0.984478400000E+04   0.197744227484E+01
        675   0.386507600000E+05  -0.970598000000E+04   0.197762122064E+01
        701   0.383353600000E+05  -0.995656900000E+04   0.197625749761E+01
        703   0.380269600000E+05  -0.100820500000E+05   0.197420140511E+01
        643   0.379495500000E+05  -0.104000000000E+05   0.197309176545E+01
        704   0.376931400000E+05  -0.102274600000E+05   0.197209387705E+01
        707   0.386806300000E+05  -0.956717600000E+04   0.197772218977E+01
        702   0.383693400000E+05  -0.980875900000E+04   0.197624906891E+01
        706   0.384033200000E+05  -0.966094900000E+04   0.197646614750E+01
        733   0.380656700000E+05  -0.992307600000E+04   0.197441174913E+01
        735   0.377374900000E+05  -0.100549100000E+05   0.197181451532E+01
        674   0.376487900000E+05  -0.104000000000E+05   0.197215424368E+01
        736   0.373813800000E+05  -0.102112400000E+05   0.197137676675E+01
        739   0.384373000000E+05  -0.951313900000E+04   0.197695905926E+01
        734   0.381043700000E+05  -0.976410200000E+04   0.197456402795E+01
        738   0.381430800000E+05  -0.960512700000E+04   0.197471345425E+01
        765   0.377818400000E+05  -0.988236800000E+04   0.197164208167E+01
        767   0.374326200000E+05  -0.100224700000E+05   0.197155989566E+01
        705   0.373301500000E+05  -0.104000000000E+05   0.197090663981E+01
        769   0.370522800000E+05  -0.101921200000E+05   0.196997089642E+01
        766   0.378262000000E+05  -0.970982500000E+04   0.197163208307E+01
        770   0.378705500000E+05  -0.953728100000E+04   0.197176950052E+01
        799   0.374838600000E+05  -0.983370800000E+04   0.197166097112E+01
        801   0.371120000000E+05  -0.998424700000E+04   0.197012908553E+01
        737   0.369925600000E+05  -0.104000000000E+05   0.196992748261E+01
        803   0.367050800000E+05  -0.101698800000E+05   0.196971944805E+01
        771   0.381817800000E+05  -0.944615300000E+04   0.197458997358E+01
        800   0.375351000000E+05  -0.964494400000E+04   0.197174370292E+01
        804   0.375863400000E+05  -0.945618000000E+04   0.197188550982E+01
        841   0.371717200000E+05  -0.977637000000E+04   0.197037945205E+01
        802   0.364797000000E+05  -0.102079900000E+05   0.196901682737E+01
        768   0.366348900000E+05  -0.104000000000E+05   0.196931688383E+01
        798   0.363452100000E+05  -0.104000000000E+05   0.196832849595E+01
        843   0.367752600000E+05  -0.993976900000E+04   0.196987885603E+01
        805   0.379149000000E+05  -0.936473700000E+04   0.197203390560E+01
        797   0.360555300000E+05  -0.104000000000E+05   0.196754109997E+01
        840   0.362269700000E+05  -0.101493800000E+05   0.196825206969E+01
        839   0.359257900000E+05  -0.101391600000E+05   0.196781663543E+01
        835   0.357658500000E+05  -0.104000000000E+05   0.196762577410E+01
        842   0.372314400000E+05  -0.956849300000E+04   0.197046609089E+01
        886   0.368454400000E+05  -0.970965400000E+04   0.196998232273E+01
        844   0.364905400000E+05  -0.995069000000E+04   0.196915170366E+01
        846   0.376375800000E+05  -0.926741600000E+04   0.197185267457E+01
        845   0.372911600000E+05  -0.936061700000E+04   0.197032277752E+01
        880   0.347108100000E+05  -0.101416000000E+05   0.196830899756E+01
        879   0.344048900000E+05  -0.101407300000E+05   0.196788526898E+01
        834   0.346071300000E+05  -0.104000000000E+05   0.196820854751E+01
        836   0.348968100000E+05  -0.104000000000E+05   0.196850676754E+01
        881   0.356273800000E+05  -0.101415100000E+05   0.196807497553E+01
        838   0.354761700000E+05  -0.104000000000E+05   0.196808571157E+01
        882   0.350180000000E+05  -0.101407200000E+05   0.196860617379E+01
        837   0.351864900000E+05  -0.104000000000E+05   0.196841580992E+01
        883   0.353229800000E+05  -0.101421900000E+05   0.196841080539E+01
        885   0.361519500000E+05  -0.989009400000E+04   0.196826092109E+01
        884   0.358336100000E+05  -0.987334400000E+04   0.196801620794E+01
        887   0.369156300000E+05  -0.947953900000E+04   0.197000542687E+01
        888   0.366151900000E+05  -0.968517000000E+04   0.196949218438E+01
        889   0.363618900000E+05  -0.970412100000E+04   0.196874581796E+01
        891   0.373508800000E+05  -0.915274000000E+04   0.196987675644E+01
        890   0.369858100000E+05  -0.924942300000E+04   0.196983812668E+01
        933   0.345520600000E+05  -0.987452400000E+04   0.196791268574E+01
        934   0.348726700000E+05  -0.988119500000E+04   0.196840985846E+01
        935   0.355145800000E+05  -0.987397100000E+04   0.196831845033E+01
        936   0.352045600000E+05  -0.987627500000E+04   0.196851769764E+01
        938   0.360847500000E+05  -0.958860700000E+04   0.196822611173E+01
        937   0.357237600000E+05  -0.961856200000E+04   0.196819379179E+01
        940   0.367091900000E+05  -0.939963000000E+04   0.196952923359E+01
        941   0.364214000000E+05  -0.942407800000E+04   0.196873638511E+01
        942   0.368035400000E+05  -0.913108100000E+04   0.196933295162E+01
        943   0.370560000000E+05  -0.901930800000E+04   0.196954905917E+01
        988   0.347510400000E+05  -0.959939200000E+04   0.196780390900E+01
        986   0.344020500000E+05  -0.959530600000E+04   0.196722871476E+01
        989   0.350588000000E+05  -0.963127800000E+04   0.196826839257E+01
        990   0.353789800000E+05  -0.954236600000E+04   0.196831156315E+01
        939   0.359241000000E+05  -0.938502800000E+04   0.196825530566E+01
        991   0.356356900000E+05  -0.929058000000E+04   0.196837855933E+01
        992   0.362070300000E+05  -0.923696000000E+04   0.196832531498E+01
        993   0.359131500000E+05  -0.908183200000E+04   0.196834447185E+01
        994   0.365288100000E+05  -0.908333700000E+04   0.196865931178E+01
        995   0.367542600000E+05  -0.886578700000E+04   0.196852633930E+01
       1038   0.346376400000E+05  -0.935806800000E+04   0.196717902512E+01
       1040   0.350169000000E+05  -0.931282500000E+04   0.196776003971E+01
       1041   0.353207500000E+05  -0.912886400000E+04   0.196820181508E+01
       1042   0.355960500000E+05  -0.891038300000E+04   0.196855432965E+01
       1043   0.362316600000E+05  -0.890195500000E+04   0.196827884570E+01
       1044   0.359252000000E+05  -0.877599800000E+04   0.196855916227E+01
       1045   0.364471200000E+05  -0.869093300000E+04   0.196823938003E+01
       1088   0.346904500000E+05  -0.908224900000E+04   0.196681349734E+01
       1090   0.350043500000E+05  -0.891231600000E+04   0.196743416124E+01
       1091   0.352840700000E+05  -0.870398700000E+04   0.196815791293E+01
       1092   0.356653300000E+05  -0.856234100000E+04   0.196894249008E+01
       1093   0.361361400000E+05  -0.849361000000E+04   0.196842630015E+01
       1142   0.346877400000E+05  -0.868684700000E+04   0.196625367452E+01
       1144   0.349624900000E+05  -0.847021000000E+04   0.196706323534E+01
       1145   0.353499400000E+05  -0.833745800000E+04   0.196850775889E+01
       1146   0.358229700000E+05  -0.827280700000E+04   0.196906763443E+01
       1205   0.350285800000E+05  -0.808649800000E+04   0.196739797176E+01
       1206   0.355093600000E+05  -0.802764500000E+04   0.196875036614E+01
       1259   0.351971400000E+05  -0.775739400000E+04   0.196766269163E+01
       1457   0.261161200000E+05  -0.248833400000E+04   0.195044639602E+01
       1459   0.266597500000E+05  -0.274429700000E+04   0.195350126547E+01
       1494   0.266309600000E+05  -0.216738800000E+04   0.195078596146E+01
       1497   0.271633600000E+05  -0.245019700000E+04   0.195420301872E+01
       1529   0.270542100000E+05  -0.183325800000E+04   0.195095747361E+01
       1528   0.265137800000E+05  -0.156192500000E+04   0.194943316428E+01
        313   0.445473700000E+05  -0.101825300000E+05   0.200122775086E+01
        323   0.447157900000E+05  -0.986210500000E+04   0.200311082007E+01
