         332           8
        469   0.000000000000E+00  -0.910000000000E+04   0.179516474195E+01
        462   0.000000000000E+00  -0.104000000000E+05   0.179516474195E+01
        470   0.111465500000E+04  -0.101737300000E+05   0.182119740628E+01
        478   0.000000000000E+00  -0.780000000000E+04   0.179516474195E+01
        480   0.958683800000E+03  -0.810431000000E+04   0.181304856168E+01
        479   0.123652700000E+04  -0.905064300000E+04   0.181709580178E+01
        481   0.209961100000E+04  -0.962939100000E+04   0.181856814621E+01
        477   0.000000000000E+00  -0.650000000000E+04   0.179516474195E+01
        492   0.109986900000E+04  -0.560217700000E+04   0.181195768512E+01
        488   0.000000000000E+00  -0.520000000000E+04   0.179516474195E+01
        496   0.131452300000E+04  -0.697002700000E+04   0.181447282129E+01
        497   0.202172200000E+04  -0.827523000000E+04   0.181647131048E+01
        498   0.297227200000E+04  -0.894252900000E+04   0.181360797580E+01
        506   0.108895600000E+04  -0.436756700000E+04   0.181319090145E+01
        491   0.000000000000E+00  -0.390000000000E+04   0.179516474195E+01
        508   0.109239800000E+04  -0.189627000000E+04   0.180823416288E+01
        489   0.000000000000E+00  -0.130000000000E+04   0.179516474195E+01
        490   0.000000000000E+00  -0.260000000000E+04   0.179516474195E+01
        507   0.109648300000E+04  -0.659014200000E+03   0.180230834117E+01
        495   0.000000000000E+00   0.000000000000E+00   0.179516474195E+01
        509   0.109294800000E+04  -0.313019500000E+04   0.181276610448E+01
        511   0.214274800000E+04  -0.478919200000E+04   0.182724801746E+01
        510   0.218845600000E+04  -0.607992800000E+04   0.182257167066E+01
        494   0.000000000000E+00   0.910000000000E+04   0.179516474195E+01
        512   0.111465500000E+04   0.101737300000E+05   0.180972500907E+01
        493   0.000000000000E+00   0.104000000000E+05   0.179516474195E+01
        514   0.960059900000E+03   0.809878700000E+04   0.179925082376E+01
        513   0.124084200000E+04   0.904826900000E+04   0.180572300963E+01
        515   0.000000000000E+00   0.780000000000E+04   0.179516474195E+01
        522   0.109784800000E+04   0.584081200000E+03   0.179738935780E+01
        520   0.000000000000E+00   0.130000000000E+04   0.179516474195E+01
        523   0.275347900000E+04  -0.745784500000E+04   0.181971702455E+01
        525   0.378145300000E+04  -0.820572300000E+04   0.181357925033E+01
        533   0.215751700000E+04  -0.361177000000E+04   0.182872238209E+01
        534   0.217246900000E+04  -0.503169700000E+02   0.181434059918E+01
        535   0.216784600000E+04  -0.123888200000E+04   0.182114655598E+01
        536   0.216303300000E+04  -0.242376900000E+04   0.182688653638E+01
        537   0.310054700000E+04  -0.513658700000E+04   0.183800747308E+01
        524   0.310538100000E+04  -0.631857200000E+04   0.182959943054E+01
        538   0.315203400000E+04  -0.394449800000E+04   0.184178111287E+01
        539   0.209961100000E+04   0.962939100000E+04   0.181305474224E+01
        540   0.203097800000E+04   0.826749800000E+04   0.181047720873E+01
        541   0.138585300000E+04   0.692378000000E+04   0.180327438157E+01
        516   0.000000000000E+00   0.650000000000E+04   0.179516474195E+01
        521   0.106459400000E+04   0.558268600000E+04   0.179919327745E+01
        517   0.000000000000E+00   0.520000000000E+04   0.179516474195E+01
        542   0.109392900000E+04   0.431269200000E+04   0.179589955514E+01
        518   0.000000000000E+00   0.390000000000E+04   0.179516474195E+01
        543   0.109428800000E+04   0.306839400000E+04   0.179551277661E+01
        519   0.000000000000E+00   0.260000000000E+04   0.179516474195E+01
        544   0.110003400000E+04   0.182861200000E+04   0.179506317751E+01
        546   0.213654000000E+04   0.469262200000E+04   0.181326620408E+01
        545   0.209510900000E+04   0.578408400000E+04   0.181422145045E+01
        547   0.217492700000E+04   0.114551000000E+04   0.180872260296E+01
        548   0.379268300000E+04  -0.696435300000E+04   0.182721253815E+01
        549   0.388360900000E+04  -0.567279500000E+04   0.184233413513E+01
        550   0.456812900000E+04  -0.746898200000E+04   0.181975853303E+01
        558   0.317355200000E+04  -0.278058700000E+04   0.183927177068E+01
        559   0.319520900000E+04   0.646816700000E+03   0.181480402239E+01
        560   0.321560900000E+04  -0.492660900000E+03   0.182169224424E+01
        561   0.319638800000E+04  -0.162887200000E+04   0.183127091622E+01
        562   0.402943700000E+04  -0.442754700000E+04   0.184996092296E+01
        563   0.408337900000E+04  -0.322916100000E+04   0.184880186204E+01
        564   0.297227200000E+04   0.894252900000E+04   0.181887223339E+01
        565   0.279839700000E+04   0.756945000000E+04   0.181565644274E+01
        566   0.279500000000E+04   0.645147000000E+04   0.181719636714E+01
        567   0.216235900000E+04   0.349315500000E+04   0.180863197550E+01
        568   0.219562500000E+04   0.234063300000E+04   0.180636847486E+01
        569   0.306776300000E+04   0.521113800000E+04   0.182232138551E+01
        570   0.302744600000E+04   0.409618000000E+04   0.181886137691E+01
        571   0.320957000000E+04   0.182600300000E+04   0.181173701001E+01
        572   0.461840600000E+04  -0.625031200000E+04   0.184126543877E+01
        573   0.474718000000E+04  -0.506214500000E+04   0.185417900482E+01
        574   0.536794600000E+04  -0.677186100000E+04   0.183583895119E+01
        583   0.411646300000E+04  -0.207954200000E+04   0.184120786078E+01
        582   0.411021100000E+04   0.132411000000E+04   0.181793376497E+01
        584   0.422178900000E+04   0.291883100000E+03   0.182136273552E+01
        585   0.425283100000E+04  -0.889958200000E+03   0.183039496323E+01
        586   0.492842200000E+04  -0.390477200000E+04   0.185651135539E+01
        587   0.494939300000E+04  -0.287560500000E+04   0.185089739451E+01
        588   0.378145300000E+04   0.820572300000E+04   0.182403624909E+01
        589   0.377530900000E+04   0.692800500000E+04   0.182443828312E+01
        590   0.379986400000E+04   0.575510600000E+04   0.182606603889E+01
        591   0.337808400000E+04   0.308557100000E+04   0.181529130707E+01
        592   0.388560000000E+04   0.444983900000E+04   0.182526610764E+01
        593   0.432196100000E+04   0.243652500000E+04   0.181988562485E+01
        594   0.547300200000E+04  -0.564090900000E+04   0.185590318179E+01
        595   0.565405700000E+04  -0.455148100000E+04   0.186138011798E+01
        596   0.621690700000E+04  -0.616471700000E+04   0.185601070418E+01
        604   0.509472700000E+04   0.130256700000E+04   0.182254220268E+01
        605   0.504249000000E+04  -0.186811100000E+04   0.184241089570E+01
        606   0.516272700000E+04   0.696200900000E+02   0.182661595274E+01
        607   0.526035300000E+04  -0.943852400000E+03   0.183426590213E+01
        608   0.587273100000E+04  -0.353567800000E+04   0.185767691872E+01
        609   0.589104900000E+04  -0.261666600000E+04   0.185073919283E+01
        610   0.456812900000E+04   0.746898200000E+04   0.183124240442E+01
        611   0.461483000000E+04   0.624666800000E+04   0.183205199160E+01
        612   0.465579700000E+04   0.508756000000E+04   0.183184119607E+01
        613   0.468232200000E+04   0.374568400000E+04   0.182774371135E+01
        614   0.530298900000E+04   0.264832500000E+04   0.182608828516E+01
        615   0.637988800000E+04  -0.515894400000E+04   0.186524561357E+01
        616   0.661583500000E+04  -0.418298500000E+04   0.186294757428E+01
        617   0.714704700000E+04  -0.573337900000E+04   0.186762213266E+01
        626   0.602279400000E+04   0.751506000000E+03   0.182771665621E+01
        625   0.591881300000E+04   0.173943100000E+04   0.182649869814E+01
        627   0.611353300000E+04  -0.155279400000E+04   0.184124822765E+01
        628   0.606271900000E+04  -0.363368000000E+03   0.183181964228E+01
        629   0.694590700000E+04  -0.321927800000E+04   0.185721716118E+01
        630   0.676426400000E+04  -0.233260900000E+04   0.185010308933E+01
        631   0.536794600000E+04   0.677186100000E+04   0.183767813741E+01
        632   0.547545200000E+04   0.563211100000E+04   0.183961249472E+01
        633   0.553953300000E+04   0.456854300000E+04   0.183964814075E+01
        634   0.582760100000E+04   0.354606000000E+04   0.183870046230E+01
        635   0.630171200000E+04   0.253383900000E+04   0.183433028470E+01
        636   0.734644200000E+04  -0.488889300000E+04   0.186797152344E+01
        637   0.759720700000E+04  -0.404261200000E+04   0.186441091805E+01
        638   0.814454000000E+04  -0.560386500000E+04   0.186802298863E+01
        646   0.688740800000E+04   0.149312700000E+04   0.183106712528E+01
        647   0.677323800000E+04   0.459541000000E+03   0.183124166040E+01
        648   0.721787100000E+04  -0.152956400000E+04   0.184451239484E+01
        649   0.697098000000E+04  -0.584302900000E+03   0.183675923943E+01
        651   0.769860700000E+04  -0.240592300000E+04   0.185254304843E+01
        650   0.805453500000E+04  -0.323919700000E+04   0.186023221323E+01
        653   0.621690700000E+04   0.616471700000E+04   0.184307944564E+01
        654   0.639733800000E+04   0.515279600000E+04   0.184856128913E+01
        655   0.651963800000E+04   0.423205000000E+04   0.184913995450E+01
        656   0.683461400000E+04   0.328392700000E+04   0.184880923937E+01
        657   0.730298900000E+04   0.237470300000E+04   0.184462019615E+01
        658   0.833904800000E+04  -0.488349100000E+04   0.186972589320E+01
        659   0.857326800000E+04  -0.410761700000E+04   0.186766888852E+01
        660   0.910982300000E+04  -0.582434800000E+04   0.187483998843E+01
        677   0.794157000000E+04   0.152083300000E+04   0.184089888958E+01
        678   0.763053600000E+04   0.530805100000E+03   0.183473338130E+01
        679   0.805468900000E+04  -0.516641600000E+03   0.184158194697E+01
        652   0.818498800000E+04  -0.158766400000E+04   0.184897018969E+01
        681   0.868361100000E+04  -0.247534400000E+04   0.185725000428E+01
        680   0.903981100000E+04  -0.335163400000E+04   0.186440655028E+01
        682   0.888518700000E+04  -0.969869700000E+03   0.184880995092E+01
        683   0.917301300000E+04  -0.176375400000E+04   0.185461780379E+01
        684   0.714704700000E+04   0.573337900000E+04   0.185092018745E+01
        686   0.746371800000E+04   0.482181400000E+04   0.185868359466E+01
        685   0.740750300000E+04   0.396233900000E+04   0.185788122793E+01
        687   0.784972100000E+04   0.320651600000E+04   0.185915050538E+01
        688   0.830289900000E+04   0.240612500000E+04   0.185643459007E+01
        690   0.931813000000E+04  -0.495364600000E+04   0.187450106587E+01
        691   0.945814600000E+04  -0.421449600000E+04   0.187169602213E+01
        692   0.101407000000E+05  -0.547349100000E+04   0.188311541294E+01
        661   0.997116600000E+04  -0.628383700000E+04   0.188315704170E+01
        693   0.109360700000E+05  -0.600428300000E+04   0.188776752568E+01
        662   0.107398700000E+05  -0.686023600000E+04   0.188498718564E+01
        694   0.116554400000E+05  -0.659950300000E+04   0.189069316755E+01
        663   0.114487200000E+05  -0.748447700000E+04   0.189162810328E+01
        695   0.123307700000E+05  -0.722303700000E+04   0.189804327390E+01
        666   0.121260800000E+05  -0.811877900000E+04   0.189965751617E+01
        696   0.158423000000E+05  -0.971331600000E+04   0.191456345039E+01
        664   0.157859100000E+05  -0.103915200000E+05   0.191430513386E+01
        689   0.166087500000E+05  -0.103317500000E+05   0.191501447637E+01
        665   0.149649300000E+05  -0.102044500000E+05   0.191387551451E+01
        697   0.150763500000E+05  -0.938445200000E+04   0.191354237379E+01
        669   0.141947100000E+05  -0.982173100000E+04   0.191197462611E+01
        698   0.129865100000E+05  -0.784485500000E+04   0.190424307861E+01
        667   0.127952700000E+05  -0.873740200000E+04   0.190542646989E+01
        699   0.136469100000E+05  -0.843864400000E+04   0.190852199592E+01
        668   0.134776600000E+05  -0.931581400000E+04   0.190935966491E+01
        700   0.143213400000E+05  -0.897499700000E+04   0.191156314377E+01
        710   0.867159400000E+04   0.626282600000E+03   0.184180112369E+01
        709   0.891000000000E+04   0.164404100000E+04   0.185420101412E+01
        711   0.921448500000E+04  -0.244629900000E+03   0.184784632856E+01
        712   0.973623100000E+04  -0.266395600000E+04   0.186333107426E+01
        708   0.996013900000E+04  -0.363412500000E+04   0.187044728024E+01
        713   0.980793700000E+04  -0.105213200000E+04   0.185465624369E+01
        714   0.100414000000E+05  -0.186988300000E+04   0.186007825545E+01
        715   0.814454000000E+04   0.560386500000E+04   0.186750417885E+01
        716   0.830217300000E+04   0.407899900000E+04   0.186847099354E+01
        717   0.854529400000E+04   0.491007900000E+04   0.187290307252E+01
        718   0.882493600000E+04   0.331673800000E+04   0.187068665826E+01
        719   0.926110600000E+04   0.257476600000E+04   0.186846372975E+01
        721   0.173715300000E+05  -0.100602300000E+05   0.191545789615E+01
        722   0.166465300000E+05  -0.950512700000E+04   0.191479125725E+01
        723   0.103526000000E+05  -0.463212600000E+04   0.187821063799E+01
        724   0.111854300000E+05  -0.520656100000E+04   0.188817569899E+01
        725   0.119278500000E+05  -0.578223000000E+04   0.188995140426E+01
        726   0.126062600000E+05  -0.639678300000E+04   0.189509379713E+01
        727   0.132544200000E+05  -0.702036600000E+04   0.190199072529E+01
        728   0.159633200000E+05  -0.886484100000E+04   0.191311337720E+01
        729   0.151606800000E+05  -0.865593900000E+04   0.191205742255E+01
        730   0.138963000000E+05  -0.762531900000E+04   0.190637053180E+01
        731   0.145603500000E+05  -0.816891500000E+04   0.190984211214E+01
        732   0.107807500000E+05  -0.391335300000E+04   0.187509240294E+01
        740   0.106918300000E+05  -0.308149900000E+04   0.187010220041E+01
        720   0.985629900000E+04   0.189997900000E+04   0.186853289715E+01
        741   0.965900300000E+04   0.101032500000E+04   0.185678306662E+01
        742   0.962956700000E+04   0.263337100000E+03   0.184933670131E+01
        743   0.102571100000E+05  -0.441281900000E+03   0.185461108911E+01
        744   0.108015600000E+05  -0.226399100000E+04   0.186546606189E+01
        745   0.107236500000E+05  -0.136809700000E+04   0.186130513182E+01
        746   0.910982300000E+04   0.582434800000E+04   0.188443745596E+01
        748   0.926656600000E+04   0.424159800000E+04   0.188092331202E+01
        749   0.944747400000E+04   0.503694200000E+04   0.188591159581E+01
        750   0.976915500000E+04   0.357575800000E+04   0.188219369098E+01
        751   0.101627900000E+05   0.285980300000E+04   0.188056272920E+01
        752   0.107376900000E+05   0.221460300000E+04   0.188170081916E+01
        747   0.105517300000E+05   0.127330500000E+04   0.187245897680E+01
        754   0.173908500000E+05  -0.922856500000E+04   0.191544060221E+01
        753   0.180567300000E+05  -0.965883300000E+04   0.191591796205E+01
        755   0.168199400000E+05  -0.870297300000E+04   0.191442801226E+01
        757   0.114492500000E+05  -0.443551700000E+04   0.188476927457E+01
        758   0.121840600000E+05  -0.497370000000E+04   0.189020931746E+01
        759   0.128666300000E+05  -0.557024000000E+04   0.189271515906E+01
        760   0.135112400000E+05  -0.618839100000E+04   0.189906406767E+01
        761   0.141417700000E+05  -0.680250300000E+04   0.190373812195E+01
        756   0.163193500000E+05  -0.813754900000E+04   0.191330230615E+01
        762   0.155229900000E+05  -0.792867400000E+04   0.191116932204E+01
        763   0.147917900000E+05  -0.737974000000E+04   0.190754069511E+01
        764   0.115337300000E+05  -0.353302000000E+04   0.187721058579E+01
        774   0.116192200000E+05  -0.266652400000E+04   0.187239937347E+01
        775   0.105481200000E+05   0.310977300000E+03   0.186326857634E+01
        776   0.111552400000E+05  -0.703723900000E+03   0.186882751509E+01
        778   0.116516500000E+05  -0.174029300000E+04   0.187322500817E+01
        779   0.101843100000E+05   0.548976600000E+04   0.189525358887E+01
        772   0.997116600000E+04   0.628383700000E+04   0.189690578950E+01
        780   0.114081500000E+05   0.166614600000E+04   0.188540632048E+01
        777   0.113400400000E+05   0.746068900000E+03   0.188060794847E+01
        781   0.102951500000E+05   0.456393700000E+04   0.189225739053E+01
        782   0.107035400000E+05   0.380497300000E+04   0.189167371974E+01
        783   0.109790700000E+05   0.310347400000E+04   0.188993780868E+01
        784   0.115798800000E+05   0.263491200000E+04   0.189210497591E+01
        786   0.180462800000E+05  -0.882699100000E+04   0.191621319066E+01
        785   0.186780400000E+05  -0.919070200000E+04   0.191644693772E+01
        787   0.175075200000E+05  -0.833757300000E+04   0.191557400446E+01
        788   0.169829900000E+05  -0.781521500000E+04   0.191450633825E+01
        789   0.162284900000E+05  -0.738210000000E+04   0.191190729191E+01
        790   0.122804400000E+05  -0.405991000000E+04   0.188889115641E+01
        791   0.129804100000E+05  -0.463096800000E+04   0.189131024446E+01
        792   0.136330900000E+05  -0.523455000000E+04   0.189657335142E+01
        793   0.142546500000E+05  -0.584834200000E+04   0.190127055282E+01
        794   0.148714600000E+05  -0.644715800000E+04   0.190484909006E+01
        795   0.155164600000E+05  -0.697784800000E+04   0.190851471678E+01
        796   0.123852900000E+05  -0.316985000000E+04   0.188628022323E+01
        808   0.109659200000E+05   0.602528400000E+04   0.190342100878E+01
        773   0.107398700000E+05   0.686023600000E+04   0.190696782286E+01
        810   0.124856500000E+05  -0.230322700000E+04   0.188660206783E+01
        812   0.116217300000E+05  -0.115189000000E+03   0.188286491736E+01
        813   0.119948200000E+05  -0.989495300000E+03   0.188618517329E+01
        811   0.121264000000E+05   0.117293800000E+04   0.189006930387E+01
        814   0.122652700000E+05   0.349042100000E+03   0.188969841507E+01
        815   0.126483100000E+05  -0.150730500000E+04   0.189244332274E+01
        816   0.111362300000E+05   0.515930100000E+04   0.190045334444E+01
        817   0.122079600000E+05   0.211689300000E+04   0.189446169995E+01
        818   0.114417300000E+05   0.440970200000E+04   0.189964819750E+01
        819   0.116845400000E+05   0.363583100000E+04   0.189733443888E+01
        820   0.123343700000E+05   0.313427200000E+04   0.189868450112E+01
        821   0.192542300000E+05  -0.869287000000E+04   0.191716096636E+01
        822   0.186586300000E+05  -0.835205600000E+04   0.191720773678E+01
        823   0.181214100000E+05  -0.801511000000E+04   0.191656461347E+01
        824   0.177262500000E+05  -0.742066700000E+04   0.191572021864E+01
        825   0.169543900000E+05  -0.703012000000E+04   0.191314501787E+01
        826   0.162569200000E+05  -0.656805400000E+04   0.190951324152E+01
        827   0.130931800000E+05  -0.371662600000E+04   0.189180514488E+01
        828   0.137552600000E+05  -0.430145200000E+04   0.189640145283E+01
        829   0.143788500000E+05  -0.490587000000E+04   0.190041673196E+01
        830   0.149771100000E+05  -0.551296000000E+04   0.190358034926E+01
        831   0.155895000000E+05  -0.608286900000E+04   0.190638455858E+01
        832   0.132158100000E+05  -0.282755900000E+04   0.189314175689E+01
        851   0.118829800000E+05   0.573614000000E+04   0.190699046170E+01
        853   0.134697000000E+05  -0.201934100000E+04   0.189667284966E+01
        854   0.128858000000E+05   0.164681400000E+04   0.189798548848E+01
        855   0.130025100000E+05   0.837883600000E+03   0.189689976173E+01
        856   0.126295500000E+05  -0.512102800000E+03   0.189261460524E+01
        857   0.131172400000E+05   0.152640100000E+03   0.189678905142E+01
        858   0.133263500000E+05  -0.106540200000E+04   0.189677427558E+01
        859   0.121853500000E+05   0.495110300000E+04   0.190564731624E+01
        860   0.129447800000E+05   0.261347200000E+04   0.190062955048E+01
        861   0.125244200000E+05   0.417017100000E+04   0.190343285255E+01
        865   0.192139000000E+05  -0.785619700000E+04   0.191837103750E+01
        864   0.198011700000E+05  -0.818720500000E+04   0.191819135278E+01
        866   0.186033000000E+05  -0.751170100000E+04   0.191769024547E+01
        867   0.183601300000E+05  -0.687825400000E+04   0.191700394310E+01
        868   0.176120900000E+05  -0.662586700000E+04   0.191439705752E+01
        869   0.169578100000E+05  -0.620816400000E+04   0.191107063788E+01
        870   0.162877600000E+05  -0.573379200000E+04   0.190813348670E+01
        871   0.138844000000E+05  -0.340209600000E+04   0.189761689943E+01
        872   0.145148300000E+05  -0.399237200000E+04   0.190151219829E+01
        873   0.151143000000E+05  -0.458881300000E+04   0.190400267380E+01
        874   0.156728600000E+05  -0.517974600000E+04   0.190620699516E+01
        875   0.141624100000E+05  -0.266234800000E+04   0.190044234716E+01
        900   0.145593100000E+05  -0.203824300000E+04   0.190433169719E+01
        899   0.140383800000E+05  -0.148714500000E+04   0.190145357637E+01
        903   0.137229500000E+05  -0.239360500000E+03   0.190083396116E+01
        904   0.141270700000E+05  -0.830719500000E+03   0.190307149520E+01
        911   0.197598400000E+05  -0.737236400000E+04   0.191988312855E+01
        910   0.203316700000E+05  -0.768829400000E+04   0.191960472514E+01
        912   0.191694700000E+05  -0.704881700000E+04   0.191931723298E+01
        914   0.182260300000E+05  -0.616392600000E+04   0.191611071562E+01
        913   0.189511300000E+05  -0.640756800000E+04   0.191889079190E+01
        915   0.176091700000E+05  -0.580244100000E+04   0.191285266065E+01
        916   0.169840800000E+05  -0.538471800000E+04   0.191011516007E+01
        917   0.164050700000E+05  -0.498765300000E+04   0.190854708346E+01
        918   0.148022900000E+05  -0.324823900000E+04   0.190385195687E+01
        919   0.154081600000E+05  -0.382425000000E+04   0.190594101255E+01
        920   0.159971100000E+05  -0.440529200000E+04   0.190750245704E+01
        921   0.151769200000E+05  -0.259997200000E+04   0.190686918405E+01
        952   0.148125400000E+05  -0.126384800000E+04   0.190721668863E+01
        953   0.154045800000E+05  -0.182383000000E+04   0.190955989910E+01
        962   0.208565600000E+05  -0.720784400000E+04   0.192153995310E+01
        963   0.202959000000E+05  -0.690157400000E+04   0.192185723942E+01
        964   0.197245200000E+05  -0.658199000000E+04   0.192150726048E+01
        965   0.195223600000E+05  -0.595515200000E+04   0.192145212387E+01
        966   0.188189400000E+05  -0.571041400000E+04   0.191841369029E+01
        967   0.182249600000E+05  -0.535366300000E+04   0.191525313005E+01
        968   0.176090800000E+05  -0.497061300000E+04   0.191240594393E+01
        969   0.169723900000E+05  -0.445922800000E+04   0.191062605875E+01
        970   0.157826100000E+05  -0.315966600000E+04   0.190861651303E+01
        971   0.163912100000E+05  -0.373625200000E+04   0.190989812267E+01
        972   0.160024000000E+05  -0.239225900000E+04   0.191115731502E+01
       1015   0.202830000000E+05  -0.613257600000E+04   0.192432169770E+01
       1017   0.194051100000E+05  -0.527477100000E+04   0.192139231917E+01
       1016   0.200907500000E+05  -0.553412500000E+04   0.192469148181E+01
       1018   0.188315700000E+05  -0.491810700000E+04   0.191831634331E+01
       1019   0.182452500000E+05  -0.454912900000E+04   0.191542002070E+01
       1020   0.177179400000E+05  -0.411737000000E+04   0.191379044678E+01
       1021   0.171759600000E+05  -0.359950000000E+04   0.191262043698E+01
       1022   0.166635700000E+05  -0.288001600000E+04   0.191232472150E+01
       1023   0.166301000000E+05  -0.194696600000E+04   0.191412624833E+01
       1066   0.194322600000E+05  -0.450420200000E+04   0.192191701828E+01
       1067   0.188661200000E+05  -0.413489400000E+04   0.191902493733E+01
       1068   0.183691700000E+05  -0.370170400000E+04   0.191727876756E+01
       1069   0.178783700000E+05  -0.325701900000E+04   0.191610945352E+01
       1070   0.173953500000E+05  -0.283453300000E+04   0.191517043497E+01
       1071   0.172854600000E+05  -0.214039500000E+04   0.191629475764E+01
       1116   0.185248600000E+05  -0.286153100000E+04   0.191992393541E+01
       1117   0.179985700000E+05  -0.241418200000E+04   0.191859664537E+01
