         343           8
       1976   0.334072800000E+05   0.929506800000E+04   0.196549377702E+01
       1965   0.331549400000E+05   0.895907900000E+04   0.196390901383E+01
       1977   0.335181000000E+05   0.897879200000E+04   0.196458649234E+01
       1968   0.333028800000E+05   0.854211000000E+04   0.196158177728E+01
       1978   0.336459000000E+05   0.869398400000E+04   0.196356036675E+01
       1981   0.336288500000E+05   0.829157500000E+04   0.196131759209E+01
       1985   0.335400900000E+05   0.101379100000E+05   0.196620554678E+01
       1972   0.332349200000E+05   0.989218400000E+04   0.196607901711E+01
       1984   0.335848900000E+05   0.987277700000E+04   0.196623163188E+01
       1973   0.332690200000E+05   0.101740600000E+05   0.196620968280E+01
       1986   0.334484000000E+05   0.104000000000E+05   0.196630902464E+01
       1975   0.333232900000E+05   0.959421500000E+04   0.196587039658E+01
       1987   0.336673500000E+05   0.959191800000E+04   0.196625742111E+01
       1988   0.337776300000E+05   0.929601100000E+04   0.196612345462E+01
       1990   0.338936000000E+05   0.896899600000E+04   0.196548438937E+01
       1989   0.339443300000E+05   0.855929000000E+04   0.196402511860E+01
       1980   0.337287400000E+05   0.789060000000E+04   0.196035880298E+01
       1992   0.340428800000E+05   0.817356400000E+04   0.196313295353E+01
       1991   0.342048500000E+05   0.782750700000E+04   0.196311928033E+01
       1982   0.342811700000E+05   0.736175100000E+04   0.196266781478E+01
       1993   0.345838100000E+05   0.768043100000E+04   0.196517204407E+01
       1983   0.345843700000E+05   0.713945200000E+04   0.196475528315E+01
       1994   0.348881700000E+05   0.746147200000E+04   0.196697840481E+01
       1996   0.338438300000E+05   0.101402100000E+05   0.196643992844E+01
       1995   0.339135200000E+05   0.987312100000E+04   0.196650003075E+01
       1997   0.337380800000E+05   0.104000000000E+05   0.196656468185E+01
       1998   0.340125600000E+05   0.958579600000E+04   0.196671409729E+01
       2000   0.341672300000E+05   0.924536200000E+04   0.196674371651E+01
       2001   0.342408500000E+05   0.882539900000E+04   0.196608758139E+01
       1999   0.342975500000E+05   0.845274900000E+04   0.196550772769E+01
       2002   0.345321000000E+05   0.815652200000E+04   0.196607463467E+01
       2003   0.348934400000E+05   0.796557000000E+04   0.196717885050E+01
       2004   0.351971400000E+05   0.775739400000E+04   0.196794483352E+01
       2006   0.341502000000E+05   0.101403400000E+05   0.196671753269E+01
       2005   0.342383100000E+05   0.987412200000E+04   0.196676586525E+01
       2007   0.340277700000E+05   0.104000000000E+05   0.196684552253E+01
       2008   0.343474900000E+05   0.959096500000E+04   0.196709251502E+01
       2009   0.346102100000E+05   0.863278200000E+04   0.196691877656E+01
       2011   0.345419500000E+05   0.901512600000E+04   0.196699583118E+01
       2010   0.345298600000E+05   0.932968200000E+04   0.196733626622E+01
       2012   0.348967500000E+05   0.841602000000E+04   0.196721878901E+01
       2013   0.352127500000E+05   0.822829300000E+04   0.196765546503E+01
       2014   0.355093600000E+05   0.802764500000E+04   0.196751740154E+01
       2015   0.345624200000E+05   0.987470300000E+04   0.196715574860E+01
       2016   0.344570900000E+05   0.101405200000E+05   0.196704557905E+01
       2017   0.343174500000E+05   0.104000000000E+05   0.196712765677E+01
       2018   0.346975000000E+05   0.960321200000E+04   0.196740527890E+01
       2019   0.349245000000E+05   0.884913900000E+04   0.196702288164E+01
       2021   0.348436800000E+05   0.914307500000E+04   0.196723506071E+01
       2020   0.348811200000E+05   0.935046000000E+04   0.196740827952E+01
       2022   0.352207600000E+05   0.866782400000E+04   0.196728763820E+01
       2023   0.355293400000E+05   0.846687000000E+04   0.196756527529E+01
       2024   0.358229700000E+05   0.827280700000E+04   0.196762835630E+01
       2025   0.348889400000E+05   0.987255800000E+04   0.196744143315E+01
       2026   0.347637200000E+05   0.101402100000E+05   0.196741789502E+01
       2027   0.346071300000E+05   0.104000000000E+05   0.196744704928E+01
       2028   0.350588400000E+05   0.956888200000E+04   0.196754261337E+01
       2029   0.352285100000E+05   0.914304200000E+04   0.196734071962E+01
       2030   0.355295900000E+05   0.887307700000E+04   0.196783311851E+01
       2031   0.358447000000E+05   0.868166300000E+04   0.196820624767E+01
       2032   0.361361400000E+05   0.849361000000E+04   0.196879478654E+01
       2033   0.352091600000E+05   0.987229900000E+04   0.196775184428E+01
       2034   0.350697500000E+05   0.101406000000E+05   0.196774527216E+01
       2035   0.348968100000E+05   0.104000000000E+05   0.196775723959E+01
       2036   0.353803800000E+05   0.955652900000E+04   0.196774840583E+01
       2037   0.355841100000E+05   0.926463000000E+04   0.196799462663E+01
       2038   0.358482400000E+05   0.904814200000E+04   0.196845307310E+01
       2039   0.361583300000E+05   0.886898700000E+04   0.196880760510E+01
       2040   0.364471200000E+05   0.869093300000E+04   0.196921946635E+01
       2042   0.353744700000E+05   0.101413600000E+05   0.196809622241E+01
       2041   0.355236800000E+05   0.987567400000E+04   0.196806051135E+01
       2043   0.351864900000E+05   0.104000000000E+05   0.196806760077E+01
       2044   0.357018900000E+05   0.961281400000E+04   0.196813242394E+01
       2045   0.358968200000E+05   0.938464000000E+04   0.196833156657E+01
       2047   0.361586900000E+05   0.919667600000E+04   0.196858638841E+01
       2048   0.364776300000E+05   0.905022700000E+04   0.196898207220E+01
       2046   0.367542600000E+05   0.886578700000E+04   0.196925243887E+01
       2049   0.358379000000E+05   0.988939900000E+04   0.196840440943E+01
       2050   0.356766800000E+05   0.101426600000E+05   0.196845818233E+01
       2051   0.354761700000E+05   0.104000000000E+05   0.196841980730E+01
       2052   0.360236200000E+05   0.966140100000E+04   0.196844092967E+01
       2053   0.361771300000E+05   0.947055700000E+04   0.196849759048E+01
       2055   0.370560000000E+05   0.901930800000E+04   0.196935242431E+01
       2054   0.367941400000E+05   0.909237000000E+04   0.196913820375E+01
       2056   0.364335600000E+05   0.937274400000E+04   0.196861994602E+01
       2057   0.367060500000E+05   0.931491200000E+04   0.196894601183E+01
       2059   0.359734100000E+05   0.101496700000E+05   0.196881403174E+01
       2058   0.361365200000E+05   0.990244200000E+04   0.196868422789E+01
       2060   0.357658500000E+05   0.104000000000E+05   0.196876699196E+01
       2061   0.363588400000E+05   0.966839500000E+04   0.196864448994E+01
       2062   0.369858100000E+05   0.924942300000E+04   0.196936061170E+01
       2063   0.373508800000E+05   0.915274000000E+04   0.197004463444E+01
       2070   0.372911600000E+05   0.936061700000E+04   0.197032529455E+01
       2064   0.366418100000E+05   0.958211600000E+04   0.196888403202E+01
       2065   0.369156300000E+05   0.947953900000E+04   0.196945658459E+01
       2067   0.362439600000E+05   0.101647700000E+05   0.196922048940E+01
       2066   0.363614500000E+05   0.993243600000E+04   0.196897117852E+01
       2068   0.360555300000E+05   0.104000000000E+05   0.196912374562E+01
       2069   0.365886200000E+05   0.986272300000E+04   0.196917883029E+01
       2074   0.372314400000E+05   0.956849300000E+04   0.197047450363E+01
       2071   0.376375800000E+05   0.926741600000E+04   0.197108837441E+01
       2078   0.375863400000E+05   0.945618000000E+04   0.197119515112E+01
       2073   0.368454400000E+05   0.970965400000E+04   0.196949621801E+01
       2081   0.371717200000E+05   0.977637000000E+04   0.197067996701E+01
       2075   0.364888100000E+05   0.101501800000E+05   0.196971216985E+01
       2076   0.363452100000E+05   0.104000000000E+05   0.196955657047E+01
       2077   0.367050800000E+05   0.101698800000E+05   0.197017321475E+01
       2072   0.367752600000E+05   0.993976900000E+04   0.196971271855E+01
       2082   0.375351000000E+05   0.964494400000E+04   0.197088903226E+01
       2079   0.379149000000E+05   0.936473700000E+04   0.197086110889E+01
       2085   0.378705500000E+05   0.953728100000E+04   0.197045318983E+01
       2080   0.371120000000E+05   0.998424700000E+04   0.197085605417E+01
       2084   0.370522800000E+05   0.101921200000E+05   0.197124600112E+01
       2088   0.374838600000E+05   0.983370800000E+04   0.197071836198E+01
       2083   0.366348900000E+05   0.104000000000E+05   0.197037882744E+01
       2091   0.369925600000E+05   0.104000000000E+05   0.197149339225E+01
       2089   0.378262000000E+05   0.970982500000E+04   0.197006271452E+01
       2086   0.381817800000E+05   0.944615300000E+04   0.197268198691E+01
       2092   0.381430800000E+05   0.960512700000E+04   0.197228503638E+01
       2087   0.374326200000E+05   0.100224700000E+05   0.197085525385E+01
       2090   0.373813800000E+05   0.102112400000E+05   0.197115773862E+01
       2095   0.377818400000E+05   0.988236800000E+04   0.196993764345E+01
       2098   0.373301500000E+05   0.104000000000E+05   0.197149802092E+01
       2096   0.381043700000E+05   0.976410200000E+04   0.197179955580E+01
       2093   0.384373000000E+05   0.951313900000E+04   0.197498067014E+01
       2099   0.384033200000E+05   0.966094900000E+04   0.197442040850E+01
       2094   0.377374900000E+05   0.100549100000E+05   0.197000471902E+01
       2097   0.376931400000E+05   0.102274600000E+05   0.197011623548E+01
       2102   0.380656700000E+05   0.992307600000E+04   0.197160722424E+01
       2105   0.376487900000E+05   0.104000000000E+05   0.197013805624E+01
       2103   0.383693400000E+05   0.980875900000E+04   0.197387313804E+01
       2100   0.386806300000E+05   0.956717600000E+04   0.197413469682E+01
       2106   0.386507600000E+05   0.970598000000E+04   0.197369366932E+01
       2101   0.380269600000E+05   0.100820500000E+05   0.197156212511E+01
       2104   0.379882500000E+05   0.102410300000E+05   0.197127937854E+01
       2109   0.383353600000E+05   0.995656900000E+04   0.197334718825E+01
       2112   0.379495500000E+05   0.104000000000E+05   0.197108517413E+01
       2110   0.386208800000E+05   0.984478400000E+04   0.197305776085E+01
       2107   0.389111200000E+05   0.960973000000E+04   0.197616197592E+01
       2113   0.388849800000E+05   0.974144100000E+04   0.197581435119E+01
       2108   0.383013800000E+05   0.101043800000E+05   0.197345200680E+01
       2111   0.382674000000E+05   0.102521900000E+05   0.197397229290E+01
       2116   0.385910000000E+05   0.998358800000E+04   0.197268973777E+01
       2119   0.382334200000E+05   0.104000000000E+05   0.197403607907E+01
       2117   0.388588400000E+05   0.987315300000E+04   0.197536140793E+01
       2114   0.391282100000E+05   0.964223300000E+04   0.197773192810E+01
       2120   0.391056700000E+05   0.976852700000E+04   0.197746476379E+01
       2115   0.385611200000E+05   0.101223900000E+05   0.197291391873E+01
       2118   0.385312500000E+05   0.102612000000E+05   0.197366497691E+01
       2123   0.388327000000E+05   0.100048600000E+05   0.197515334990E+01
       2126   0.385013700000E+05   0.104000000000E+05   0.197454078646E+01
       2124   0.390831400000E+05   0.989482200000E+04   0.197719066172E+01
       2121   0.393314400000E+05   0.966606900000E+04   0.197975684850E+01
       2127   0.393125800000E+05   0.978839000000E+04   0.197951807252E+01
       2122   0.388065600000E+05   0.101365800000E+05   0.197516135351E+01
       2125   0.387804200000E+05   0.102682900000E+05   0.197527321656E+01
       2130   0.390606000000E+05   0.100211200000E+05   0.197713850086E+01
       2133   0.387542800000E+05   0.104000000000E+05   0.197542063882E+01
       2131   0.392937300000E+05   0.991071200000E+04   0.197929142598E+01
       2128   0.395204700000E+05   0.968255800000E+04   0.198506336371E+01
       2134   0.395055500000E+05   0.980213200000E+04   0.198456484760E+01
       2129   0.390380600000E+05   0.101474100000E+05   0.197728994535E+01
       2132   0.390155200000E+05   0.102737100000E+05   0.197757983108E+01
       2137   0.392748700000E+05   0.100330300000E+05   0.197900226890E+01
       2140   0.389929900000E+05   0.104000000000E+05   0.197780412776E+01
       2138   0.394906300000E+05   0.992170500000E+04   0.198414959155E+01
       2135   0.396950200000E+05   0.969294900000E+04   0.198864298040E+01
       2141   0.396844700000E+05   0.981079100000E+04   0.198788766028E+01
       2136   0.392560100000E+05   0.101553600000E+05   0.197862981897E+01
       2139   0.392371600000E+05   0.102776800000E+05   0.197813952645E+01
       2144   0.394757200000E+05   0.100412800000E+05   0.198385277094E+01
       2147   0.392183000000E+05   0.104000000000E+05   0.197794660458E+01
       2145   0.396739100000E+05   0.992863300000E+04   0.198730073823E+01
       2142   0.398549100000E+05   0.969840500000E+04   0.198890073598E+01
       2148   0.398492900000E+05   0.981533700000E+04   0.198801586139E+01
       2143   0.394608000000E+05   0.101608500000E+05   0.198368816931E+01
       2146   0.394458900000E+05   0.102804300000E+05   0.198355974842E+01
       2151   0.396633600000E+05   0.100464700000E+05   0.198712695618E+01
       2154   0.394309700000E+05   0.104000000000E+05   0.198318522720E+01
       2152   0.398436600000E+05   0.993227000000E+04   0.198728855393E+01
       2149   0.400000000000E+05   0.970000000000E+04   0.198708945689E+01
       2155   0.400000000000E+05   0.981666700000E+04   0.198737095271E+01
       2150   0.396528100000E+05   0.101643200000E+05   0.198736931616E+01
       2153   0.396422600000E+05   0.102821600000E+05   0.198782323598E+01
       2158   0.398380400000E+05   0.100492000000E+05   0.198719125198E+01
       2161   0.396317000000E+05   0.104000000000E+05   0.198805458515E+01
       2159   0.400000000000E+05   0.993333300000E+04   0.198771435175E+01
       2156   0.401684200000E+05   0.970578900000E+04   0.199850668386E+01
       2162   0.401684200000E+05   0.984463200000E+04   0.199768299314E+01
       2157   0.398324100000E+05   0.101661300000E+05   0.198769091860E+01
       2160   0.398267900000E+05   0.102830700000E+05   0.198860607281E+01
       2165   0.400000000000E+05   0.100500000000E+05   0.198800320685E+01
       2168   0.398211700000E+05   0.104000000000E+05   0.198940608797E+01
       2166   0.401684200000E+05   0.998347400000E+04   0.199735213344E+01
       2163   0.403368400000E+05   0.971157900000E+04   0.200498759034E+01
       2169   0.403368400000E+05   0.984926300000E+04   0.200455253158E+01
       2164   0.400000000000E+05   0.101666700000E+05   0.198796719192E+01
       2167   0.400000000000E+05   0.102833300000E+05   0.198756145955E+01
       2171   0.401684200000E+05   0.101223200000E+05   0.199734142392E+01
       2174   0.400000000000E+05   0.104000000000E+05   0.198688441388E+01
       2172   0.403368400000E+05   0.998694700000E+04   0.200427304033E+01
       2170   0.405052600000E+05   0.971736800000E+04   0.200622534874E+01
       2175   0.405052600000E+05   0.985389500000E+04   0.200563534265E+01
       2173   0.401684200000E+05   0.102611600000E+05   0.199744599604E+01
       2178   0.403368400000E+05   0.101246300000E+05   0.200435496888E+01
       2180   0.401684200000E+05   0.104000000000E+05   0.199761745133E+01
       2177   0.405052600000E+05   0.999042100000E+04   0.200514245972E+01
       2176   0.406736800000E+05   0.972315800000E+04   0.200181983282E+01
       2181   0.406736800000E+05   0.985852600000E+04   0.200132659549E+01
       2179   0.403368400000E+05   0.102623200000E+05   0.200506544355E+01
       2184   0.405052600000E+05   0.101269500000E+05   0.200510822222E+01
       2186   0.403368400000E+05   0.104000000000E+05   0.200645990593E+01
       2183   0.406736800000E+05   0.999389500000E+04   0.200096692542E+01
       2182   0.408421100000E+05   0.972894700000E+04   0.199522053798E+01
       2187   0.408421100000E+05   0.986315800000E+04   0.199505492845E+01
       2190   0.406736800000E+05   0.101292600000E+05   0.200084544324E+01
       2185   0.405052600000E+05   0.102634700000E+05   0.200550610561E+01
       2192   0.405052600000E+05   0.104000000000E+05   0.200588335239E+01
       2189   0.408421100000E+05   0.999736800000E+04   0.199493437041E+01
       2188   0.410105300000E+05   0.973473700000E+04   0.199709490856E+01
       2193   0.410105300000E+05   0.986778900000E+04   0.199664880393E+01
       2196   0.408421100000E+05   0.101315800000E+05   0.199477792120E+01
       2191   0.406736800000E+05   0.102646300000E+05   0.200083444158E+01
       2198   0.406736800000E+05   0.104000000000E+05   0.200067514894E+01
       2195   0.410105300000E+05   0.100008400000E+05   0.199629206410E+01
       2194   0.411789500000E+05   0.974052600000E+04   0.199746336892E+01
       2199   0.411789500000E+05   0.987242100000E+04   0.199709577639E+01
       2202   0.410105300000E+05   0.101338900000E+05   0.199633877149E+01
       2197   0.408421100000E+05   0.102657900000E+05   0.199444926966E+01
       2204   0.408421100000E+05   0.104000000000E+05   0.199430083198E+01
       2201   0.411789500000E+05   0.100043200000E+05   0.199681154374E+01
       2200   0.413473700000E+05   0.974631600000E+04   0.199569986450E+01
       2205   0.413473700000E+05   0.987705300000E+04   0.199547365920E+01
       2208   0.411789500000E+05   0.101362100000E+05   0.199679762926E+01
       2203   0.410105300000E+05   0.102669500000E+05   0.199681124145E+01
       2210   0.410105300000E+05   0.104000000000E+05   0.199731728389E+01
       2207   0.413473700000E+05   0.100077900000E+05   0.199529625764E+01
       2206   0.415157900000E+05   0.975210500000E+04   0.199307855985E+01
       2211   0.415157900000E+05   0.988168400000E+04   0.199298954318E+01
       2214   0.413473700000E+05   0.101385300000E+05   0.199524333973E+01
       2209   0.411789500000E+05   0.102681100000E+05   0.199702848557E+01
       2216   0.411789500000E+05   0.104000000000E+05   0.199723046070E+01
       2213   0.415157900000E+05   0.100112600000E+05   0.199290750286E+01
       2212   0.416842100000E+05   0.975789500000E+04   0.199412440198E+01
       2217   0.416842100000E+05   0.988631600000E+04   0.199391042891E+01
       2220   0.415157900000E+05   0.101408400000E+05   0.199284409891E+01
       2215   0.413473700000E+05   0.102692600000E+05   0.199527000321E+01
       2222   0.413473700000E+05   0.104000000000E+05   0.199526950992E+01
       2219   0.416842100000E+05   0.100147400000E+05   0.199371970883E+01
       2218   0.418526300000E+05   0.976368400000E+04   0.199443604357E+01
       2223   0.418526300000E+05   0.989094700000E+04   0.199409309684E+01
       2226   0.416842100000E+05   0.101431600000E+05   0.199377901090E+01
       2221   0.415157900000E+05   0.102704200000E+05   0.199274285491E+01
       2228   0.415157900000E+05   0.104000000000E+05   0.199293085073E+01
       2225   0.418526300000E+05   0.100182100000E+05   0.199385207620E+01
       2224   0.420210500000E+05   0.976947400000E+04   0.199340700001E+01
       2229   0.420210500000E+05   0.989557900000E+04   0.199304090769E+01
       2232   0.418526300000E+05   0.101454700000E+05   0.199384737694E+01
       2227   0.416842100000E+05   0.102715800000E+05   0.199404292155E+01
       2234   0.416842100000E+05   0.104000000000E+05   0.199446926857E+01
       2231   0.420210500000E+05   0.100216800000E+05   0.199273460010E+01
       2230   0.421894700000E+05   0.977526300000E+04   0.199176149585E+01
       2235   0.421894700000E+05   0.990021100000E+04   0.199140900802E+01
       2238   0.420210500000E+05   0.101477900000E+05   0.199255323514E+01
       2233   0.418526300000E+05   0.102727400000E+05   0.199401074901E+01
       2240   0.418526300000E+05   0.104000000000E+05   0.199425174852E+01
       2237   0.421894700000E+05   0.100251600000E+05   0.199098585040E+01
       2236   0.423578900000E+05   0.978105300000E+04   0.199171810313E+01
       2241   0.423578900000E+05   0.990484200000E+04   0.199144692785E+01
       2244   0.421894700000E+05   0.101501100000E+05   0.199073542471E+01
       2239   0.420210500000E+05   0.102738900000E+05   0.199255631778E+01
       2246   0.420210500000E+05   0.104000000000E+05   0.199248466366E+01
       2243   0.423578900000E+05   0.100286300000E+05   0.199090206873E+01
       2242   0.425263200000E+05   0.978684200000E+04   0.199333327588E+01
       2247   0.425263200000E+05   0.990947400000E+04   0.199295536320E+01
       2250   0.423578900000E+05   0.101524200000E+05   0.199054837198E+01
       2245   0.421894700000E+05   0.102750500000E+05   0.199076670688E+01
       2252   0.421894700000E+05   0.104000000000E+05   0.199063953162E+01
       2249   0.425263200000E+05   0.100321100000E+05   0.199215266142E+01
       2248   0.426947400000E+05   0.979263200000E+04   0.199267620199E+01
       2253   0.426947400000E+05   0.991410500000E+04   0.199207619019E+01
       2256   0.425263200000E+05   0.101547400000E+05   0.199199994428E+01
       2251   0.423578900000E+05   0.102762100000E+05   0.199071093328E+01
       2258   0.423578900000E+05   0.104000000000E+05   0.199088129516E+01
       2255   0.426947400000E+05   0.100355800000E+05   0.199162033964E+01
       2254   0.428631600000E+05   0.979842100000E+04   0.199248162464E+01
       2259   0.428631600000E+05   0.991873700000E+04   0.199219076545E+01
       2262   0.426947400000E+05   0.101570500000E+05   0.199188989956E+01
       2257   0.425263200000E+05   0.102773700000E+05   0.199237799937E+01
       2264   0.425263200000E+05   0.104000000000E+05   0.199287144506E+01
       2261   0.428631600000E+05   0.100390500000E+05   0.199184379545E+01
       2260   0.430315800000E+05   0.980421100000E+04   0.199334875016E+01
       2265   0.430315800000E+05   0.992336800000E+04   0.199314714176E+01
       2268   0.428631600000E+05   0.101593700000E+05   0.199194447782E+01
       2263   0.426947400000E+05   0.102785300000E+05   0.199267237891E+01
       2270   0.426947400000E+05   0.104000000000E+05   0.199315407680E+01
       2267   0.430315800000E+05   0.100425300000E+05   0.199286832587E+01
       2266   0.432000000000E+05   0.981000000000E+04   0.199406023496E+01
       2271   0.432000000000E+05   0.992800000000E+04   0.199397508772E+01
       2274   0.430315800000E+05   0.101616800000E+05   0.199275579739E+01
       2269   0.428631600000E+05   0.102796800000E+05   0.199258310282E+01
       2276   0.428631600000E+05   0.104000000000E+05   0.199298893493E+01
       2273   0.432000000000E+05   0.100460000000E+05   0.199383562401E+01
       2272   0.433684200000E+05   0.981578900000E+04   0.199465362457E+01
       2277   0.433684200000E+05   0.993263200000E+04   0.199467326690E+01
       2280   0.432000000000E+05   0.101640000000E+05   0.199367940872E+01
       2275   0.430315800000E+05   0.102808400000E+05   0.199305175459E+01
       2282   0.430315800000E+05   0.104000000000E+05   0.199317401237E+01
       2279   0.433684200000E+05   0.100494700000E+05   0.199477060810E+01
       2278   0.435368400000E+05   0.982157900000E+04   0.199522035020E+01
       2283   0.435368400000E+05   0.993726300000E+04   0.199548288477E+01
       2286   0.433684200000E+05   0.101663200000E+05   0.199480382127E+01
       2281   0.432000000000E+05   0.102820000000E+05   0.199376756111E+01
       2288   0.432000000000E+05   0.104000000000E+05   0.199389382795E+01
       2285   0.435368400000E+05   0.100529500000E+05   0.199553434520E+01
       2284   0.437052600000E+05   0.982736800000E+04   0.199567054484E+01
       2289   0.437052600000E+05   0.994189500000E+04   0.199578229011E+01
       2292   0.435368400000E+05   0.101686300000E+05   0.199551241437E+01
       2287   0.433684200000E+05   0.102831600000E+05   0.199496771909E+01
       2294   0.433684200000E+05   0.104000000000E+05   0.199494473766E+01
       2291   0.437052600000E+05   0.100564200000E+05   0.199566388356E+01
       2290   0.438736800000E+05   0.983315800000E+04   0.199541409110E+01
       2295   0.438736800000E+05   0.994652600000E+04   0.199538050000E+01
       2298   0.437052600000E+05   0.101709500000E+05   0.199557557036E+01
       2293   0.435368400000E+05   0.102843200000E+05   0.199547017481E+01
       2300   0.435368400000E+05   0.104000000000E+05   0.199522157173E+01
       2297   0.438736800000E+05   0.100598900000E+05   0.199538052184E+01
       2296   0.440421100000E+05   0.983894700000E+04   0.199518029053E+01
       2301   0.440421100000E+05   0.995115800000E+04   0.199520537600E+01
       2304   0.438736800000E+05   0.101732600000E+05   0.199549408333E+01
       2299   0.437052600000E+05   0.102854700000E+05   0.199543284713E+01
       2306   0.437052600000E+05   0.104000000000E+05   0.199538760104E+01
       2303   0.440421100000E+05   0.100633700000E+05   0.199514638148E+01
       2302   0.442105300000E+05   0.984473700000E+04   0.199521828606E+01
       2307   0.442105300000E+05   0.995578900000E+04   0.199531789017E+01
       2310   0.440421100000E+05   0.101755800000E+05   0.199516850812E+01
       2305   0.438736800000E+05   0.102866300000E+05   0.199557582656E+01
       2312   0.438736800000E+05   0.104000000000E+05   0.199560655923E+01
       2309   0.442105300000E+05   0.100668400000E+05   0.199516037973E+01
       2308   0.443789500000E+05   0.985052600000E+04   0.199566041621E+01
       2313   0.443789500000E+05   0.996042100000E+04   0.199550623705E+01
       2316   0.442105300000E+05   0.101778900000E+05   0.199517233125E+01
       2311   0.440421100000E+05   0.102877900000E+05   0.199525412615E+01
