         363           8
       1779   0.282094500000E+05   0.819717800000E+04   0.196266561317E+01
       1761   0.278731600000E+05   0.788050800000E+04   0.196308551758E+01
       1782   0.283911600000E+05   0.781890800000E+04   0.196326064304E+01
       1762   0.280534100000E+05   0.748312300000E+04   0.196364747293E+01
       1783   0.285729200000E+05   0.742210400000E+04   0.196376855360E+01
       1763   0.282342000000E+05   0.706837600000E+04   0.196396382362E+01
       1784   0.288208000000E+05   0.707524000000E+04   0.196433766450E+01
       1799   0.287181400000E+05   0.814255500000E+04   0.196271422057E+01
       1780   0.285352100000E+05   0.850072200000E+04   0.196219864079E+01
       1800   0.290279900000E+05   0.845330600000E+04   0.196203331841E+01
       1781   0.288526800000E+05   0.878869800000E+04   0.196168530346E+01
       1798   0.291636300000E+05   0.905892800000E+04   0.196141037435E+01
       1801   0.293447800000E+05   0.875097800000E+04   0.196127137544E+01
       1802   0.288993200000E+05   0.776527500000E+04   0.196308883721E+01
       1803   0.291462300000E+05   0.743589500000E+04   0.196318562980E+01
       1804   0.293751000000E+05   0.706232000000E+04   0.196371868181E+01
       1795   0.290504400000E+05   0.668653800000E+04   0.196516633684E+01
       1820   0.296605700000E+05   0.901906200000E+04   0.196155600862E+01
       1805   0.294695000000E+05   0.930937000000E+04   0.196187583401E+01
       1821   0.292170100000E+05   0.808999200000E+04   0.196197287374E+01
       1822   0.294593700000E+05   0.840444400000E+04   0.196109435159E+01
       1823   0.297687100000E+05   0.864007800000E+04   0.196056409738E+01
       1824   0.294661700000E+05   0.778672400000E+04   0.196093530675E+01
       1825   0.296897400000E+05   0.742732300000E+04   0.196040712802E+01
       1826   0.298098300000E+05   0.690450800000E+04   0.196287454818E+01
       1818   0.294920700000E+05   0.652911500000E+04   0.196542223498E+01
       1827   0.299758200000E+05   0.930432200000E+04   0.196297333148E+01
       1806   0.297713200000E+05   0.953802600000E+04   0.196288682395E+01
       1815   0.300697700000E+05   0.974290900000E+04   0.196407199454E+01
       1838   0.303224400000E+05   0.952551100000E+04   0.196481646778E+01
       1836   0.303650000000E+05   0.992207000000E+04   0.196537760755E+01
       1842   0.300721300000E+05   0.892271500000E+04   0.196151744311E+01
       1843   0.297789300000E+05   0.815484400000E+04   0.195935516275E+01
       1844   0.300796200000E+05   0.848603400000E+04   0.195970154378E+01
       1845   0.299987100000E+05   0.778569900000E+04   0.195744853493E+01
       1846   0.301148000000E+05   0.727673400000E+04   0.195916520186E+01
       1847   0.302736200000E+05   0.667858400000E+04   0.196304055993E+01
       1840   0.299435300000E+05   0.629916000000E+04   0.196550033139E+01
       1848   0.303754400000E+05   0.916506100000E+04   0.196367919265E+01
       1856   0.306243500000E+05   0.971418900000E+04   0.196608760458E+01
       1837   0.306566100000E+05   0.100737100000E+05   0.196645753417E+01
       1857   0.308753900000E+05   0.989458700000E+04   0.196689470418E+01
       1855   0.309435000000E+05   0.101963900000E+05   0.196712045520E+01
       1858   0.306857500000E+05   0.938914400000E+04   0.196576243883E+01
       1859   0.305185700000E+05   0.604716200000E+04   0.196475764181E+01
       1860   0.309605100000E+05   0.568970100000E+04   0.196269842940E+01
       1841   0.304319500000E+05   0.552708500000E+04   0.196569545451E+01
       1861   0.303826900000E+05   0.870618600000E+04   0.196097659387E+01
       1862   0.303100000000E+05   0.816227000000E+04   0.195779923169E+01
       1863   0.304141700000E+05   0.764156300000E+04   0.195674885316E+01
       1864   0.305700500000E+05   0.707593400000E+04   0.196006822312E+01
       1865   0.307806300000E+05   0.649578600000E+04   0.196249081553E+01
       1866   0.306821000000E+05   0.897041600000E+04   0.196381364220E+01
       1849   0.307188800000E+05   0.520706400000E+04   0.196395892574E+01
       1867   0.312525200000E+05   0.527213200000E+04   0.196222271563E+01
       1850   0.310231400000E+05   0.479671900000E+04   0.196330356819E+01
       1868   0.314924200000E+05   0.471779800000E+04   0.196351070437E+01
       1873   0.311572000000E+05   0.997368400000E+04   0.196733624578E+01
       1872   0.312238500000E+05   0.102893800000E+05   0.196732482479E+01
       1874   0.310079900000E+05   0.961075700000E+04   0.196705507142E+01
       1875   0.309899400000E+05   0.920585800000E+04   0.196611237597E+01
       1877   0.312070100000E+05   0.616891600000E+04   0.196050657963E+01
       1876   0.314992800000E+05   0.572895200000E+04   0.196048870281E+01
       1878   0.306628800000E+05   0.847402000000E+04   0.196051803948E+01
       1879   0.307116200000E+05   0.797979300000E+04   0.195805480627E+01
       1880   0.308692000000E+05   0.743521600000E+04   0.195848570263E+01
       1881   0.310933800000E+05   0.681310500000E+04   0.196045022422E+01
       1882   0.309719000000E+05   0.875946400000E+04   0.196378985886E+01
       1883   0.317294400000E+05   0.520263900000E+04   0.196227709315E+01
       1884   0.320230900000E+05   0.476957400000E+04   0.196414045343E+01
       1869   0.317964500000E+05   0.427447500000E+04   0.196469082378E+01
       1888   0.314501100000E+05   0.100749900000E+05   0.196743940150E+01
       1887   0.314952100000E+05   0.103530000000E+05   0.196733459877E+01
       1889   0.313539700000E+05   0.975269000000E+04   0.196746628071E+01
       1890   0.313027400000E+05   0.940006000000E+04   0.196720475610E+01
       1892   0.312852900000E+05   0.900296900000E+04   0.196607697640E+01
       1891   0.319744300000E+05   0.565927800000E+04   0.196033857452E+01
       1893   0.317629800000E+05   0.615530400000E+04   0.195843935117E+01
       1894   0.315523100000E+05   0.660399700000E+04   0.195814077114E+01
       1895   0.310164900000E+05   0.829413600000E+04   0.196115220375E+01
       1896   0.311660600000E+05   0.778444100000E+04   0.195970372740E+01
       1897   0.313785000000E+05   0.719297100000E+04   0.195844063734E+01
       1898   0.313253400000E+05   0.858001000000E+04   0.196407485064E+01
       1899   0.322620500000E+05   0.523779500000E+04   0.196251626718E+01
       1900   0.326233900000E+05   0.495993600000E+04   0.196405669472E+01
       1885   0.323934200000E+05   0.446697900000E+04   0.196554946595E+01
       1901   0.329811100000E+05   0.465435100000E+04   0.196485860340E+01
       1903   0.317548100000E+05   0.103888800000E+05   0.196723600738E+01
       1902   0.317591000000E+05   0.101550000000E+05   0.196724380698E+01
       1904   0.316670900000E+05   0.984972800000E+04   0.196729141485E+01
       1905   0.316281100000E+05   0.954102800000E+04   0.196726883258E+01
       1906   0.316090200000E+05   0.918585200000E+04   0.196684138625E+01
       1908   0.322445200000E+05   0.609576800000E+04   0.195823347241E+01
       1907   0.324391500000E+05   0.567196900000E+04   0.196037761197E+01
       1909   0.316505600000E+05   0.881060500000E+04   0.196557926556E+01
       1910   0.320500700000E+05   0.656197300000E+04   0.195677781676E+01
       1911   0.318453800000E+05   0.699690200000E+04   0.195663011617E+01
       1912   0.314698300000E+05   0.810603900000E+04   0.196179437105E+01
       1913   0.316752000000E+05   0.754807900000E+04   0.195841620054E+01
       1914   0.317874100000E+05   0.838312600000E+04   0.196283881533E+01
       1915   0.328600800000E+05   0.547461700000E+04   0.196175787060E+01
       1916   0.332121700000E+05   0.513353500000E+04   0.196290891902E+01
       1919   0.320000000000E+05   0.104000000000E+05   0.196711315972E+01
       1918   0.320842200000E+05   0.101552400000E+05   0.196694724539E+01
       1917   0.319415000000E+05   0.992466900000E+04   0.196703578195E+01
       1920   0.319908300000E+05   0.962224800000E+04   0.196705286078E+01
       1921   0.319182900000E+05   0.932595600000E+04   0.196689067093E+01
       1922   0.319904400000E+05   0.901192500000E+04   0.196587602311E+01
       1923   0.327282200000E+05   0.602840900000E+04   0.195894676649E+01
       1924   0.325267700000E+05   0.649695500000E+04   0.195668231844E+01
       1925   0.320914600000E+05   0.864195900000E+04   0.196350589206E+01
       1926   0.323412800000E+05   0.694520600000E+04   0.195558081397E+01
       1927   0.321432000000E+05   0.735743600000E+04   0.195610704046E+01
       1928   0.319831400000E+05   0.787628700000E+04   0.195899678441E+01
       1929   0.322999700000E+05   0.819448800000E+04   0.195950361346E+01
       1931   0.334603900000E+05   0.558717500000E+04   0.196143427314E+01
       1930   0.331783000000E+05   0.594120400000E+04   0.196026799875E+01
       1932   0.322295100000E+05   0.988738600000E+04   0.196689606828E+01
       1934   0.322896800000E+05   0.104000000000E+05   0.196695607759E+01
       1933   0.323856800000E+05   0.101438300000E+05   0.196674041663E+01
       1935   0.323341800000E+05   0.963705300000E+04   0.196676516347E+01
       1936   0.322881600000E+05   0.932438800000E+04   0.196643347845E+01
       1937   0.323771200000E+05   0.898114000000E+04   0.196487500476E+01
       1938   0.329985500000E+05   0.643510000000E+04   0.195789970943E+01
       1939   0.328155200000E+05   0.688161700000E+04   0.195608250560E+01
       1940   0.324987900000E+05   0.864110000000E+04   0.196243139364E+01
       1941   0.326430400000E+05   0.730888800000E+04   0.195545846717E+01
       1942   0.324453800000E+05   0.768903000000E+04   0.195633703782E+01
       1943   0.326930000000E+05   0.799455500000E+04   0.195773481575E+01
       1944   0.326844300000E+05   0.835970500000E+04   0.196017856565E+01
       1945   0.334552700000E+05   0.635805600000E+04   0.195930192830E+01
       1946   0.337237200000E+05   0.601482500000E+04   0.196048925901E+01
       1947   0.325552100000E+05   0.988160600000E+04   0.196665469374E+01
       1949   0.325793600000E+05   0.104000000000E+05   0.196673622188E+01
       1948   0.326913300000E+05   0.101415500000E+05   0.196659162955E+01
       1950   0.326382800000E+05   0.959346800000E+04   0.196624696601E+01
       1951   0.326755300000E+05   0.929741000000E+04   0.196552503650E+01
       1952   0.327626800000E+05   0.898218800000E+04   0.196412952089E+01
       1953   0.332861600000E+05   0.681893900000E+04   0.195772613362E+01
       1954   0.331086600000E+05   0.724651900000E+04   0.195662094359E+01
       1955   0.329118600000E+05   0.864756000000E+04   0.196213298558E+01
       1956   0.329568400000E+05   0.768930400000E+04   0.195672792971E+01
       1957   0.330098700000E+05   0.821767700000E+04   0.195935570786E+01
       1959   0.340001700000E+05   0.641617700000E+04   0.196040788926E+01
       1958   0.337416000000E+05   0.673957400000E+04   0.195960752173E+01
       1960   0.328796200000E+05   0.987351600000E+04   0.196634384694E+01
       1961   0.329933100000E+05   0.101371100000E+05   0.196636836459E+01
       1962   0.328690400000E+05   0.104000000000E+05   0.196655690298E+01
       1963   0.329818100000E+05   0.959446400000E+04   0.196581398099E+01
       1964   0.330442400000E+05   0.929308100000E+04   0.196515282152E+01
       1965   0.331549400000E+05   0.895907900000E+04   0.196390901383E+01
       1966   0.335785600000E+05   0.718160100000E+04   0.195864722856E+01
       1967   0.334118100000E+05   0.758120400000E+04   0.195812776129E+01
       1968   0.333028800000E+05   0.854211000000E+04   0.196158177728E+01
       1969   0.333175400000E+05   0.801400300000E+04   0.195893268177E+01
       1971   0.342877200000E+05   0.679106100000E+04   0.196176824826E+01
       1970   0.339768200000E+05   0.709769700000E+04   0.196056884571E+01
       1972   0.332349200000E+05   0.989218400000E+04   0.196607901711E+01
       1974   0.331587200000E+05   0.104000000000E+05   0.196635160050E+01
       1973   0.332690200000E+05   0.101740600000E+05   0.196620968280E+01
       1975   0.333232900000E+05   0.959421500000E+04   0.196587039658E+01
       1976   0.334072800000E+05   0.929506800000E+04   0.196549377702E+01
       1979   0.338875500000E+05   0.751892600000E+04   0.196048171824E+01
       1980   0.337287400000E+05   0.789060000000E+04   0.196035880298E+01
       1981   0.336288500000E+05   0.829157500000E+04   0.196131759209E+01
       1982   0.342811700000E+05   0.736175100000E+04   0.196266781478E+01
       1983   0.345843700000E+05   0.713945200000E+04   0.196475528315E+01
       1985   0.335400900000E+05   0.101379100000E+05   0.196620554678E+01
       1984   0.335848900000E+05   0.987277700000E+04   0.196623163188E+01
       1986   0.334484000000E+05   0.104000000000E+05   0.196630902464E+01
       1991   0.342048500000E+05   0.782750700000E+04   0.196311928033E+01
       2311   0.440421100000E+05   0.102877900000E+05   0.199525412615E+01
       2318   0.440421100000E+05   0.104000000000E+05   0.199526022792E+01
       2312   0.438736800000E+05   0.104000000000E+05   0.199560655923E+01
       2313   0.443789500000E+05   0.996042100000E+04   0.199550623705E+01
       2315   0.443789500000E+05   0.100703200000E+05   0.199518091499E+01
       2309   0.442105300000E+05   0.100668400000E+05   0.199516037973E+01
       2314   0.445473700000E+05   0.985631600000E+04   0.199688377673E+01
       2319   0.445473700000E+05   0.996505300000E+04   0.199654479748E+01
       2322   0.443789500000E+05   0.101802100000E+05   0.199507180129E+01
       2316   0.442105300000E+05   0.101778900000E+05   0.199517233125E+01
       2317   0.442105300000E+05   0.102889500000E+05   0.199533701596E+01
       2324   0.442105300000E+05   0.104000000000E+05   0.199537021348E+01
       2321   0.445473700000E+05   0.100737900000E+05   0.199610294374E+01
       2320   0.447157900000E+05   0.986210500000E+04   0.199664734887E+01
       2325   0.447157900000E+05   0.996968400000E+04   0.199620252165E+01
       2328   0.445473700000E+05   0.101825300000E+05   0.199590528615E+01
       2323   0.443789500000E+05   0.102901100000E+05   0.199519939403E+01
       2330   0.443789500000E+05   0.104000000000E+05   0.199534525658E+01
       2327   0.447157900000E+05   0.100772600000E+05   0.199607599325E+01
       2326   0.448842100000E+05   0.986789500000E+04   0.199507906301E+01
       2331   0.448842100000E+05   0.997431600000E+04   0.199506243568E+01
       2334   0.447157900000E+05   0.101848400000E+05   0.199635720064E+01
       2329   0.445473700000E+05   0.102912600000E+05   0.199605393716E+01
       2336   0.445473700000E+05   0.104000000000E+05   0.199641973873E+01
       2333   0.448842100000E+05   0.100807400000E+05   0.199502199429E+01
       2332   0.450526300000E+05   0.987368400000E+04   0.199625156645E+01
       2337   0.450526300000E+05   0.997894700000E+04   0.199631549981E+01
       2340   0.448842100000E+05   0.101871600000E+05   0.199534738844E+01
       2335   0.447157900000E+05   0.102924200000E+05   0.199679645525E+01
       2342   0.447157900000E+05   0.104000000000E+05   0.199692596305E+01
       2339   0.450526300000E+05   0.100842100000E+05   0.199628706914E+01
       2338   0.452210500000E+05   0.987947400000E+04   0.199740323438E+01
       2343   0.452210500000E+05   0.998357900000E+04   0.199715093077E+01
       2346   0.450526300000E+05   0.101894700000E+05   0.199636424371E+01
       2341   0.448842100000E+05   0.102935800000E+05   0.199572380318E+01
       2348   0.448842100000E+05   0.104000000000E+05   0.199585832626E+01
       2345   0.452210500000E+05   0.100876800000E+05   0.199702845897E+01
       2344   0.453894700000E+05   0.988526300000E+04   0.199772700682E+01
       2349   0.453894700000E+05   0.998821100000E+04   0.199754806958E+01
       2352   0.452210500000E+05   0.101917900000E+05   0.199704847234E+01
       2347   0.450526300000E+05   0.102947400000E+05   0.199653828991E+01
       2354   0.450526300000E+05   0.104000000000E+05   0.199683667779E+01
       2351   0.453894700000E+05   0.100911600000E+05   0.199748864287E+01
       2350   0.455578900000E+05   0.989105300000E+04   0.199782554339E+01
       2355   0.455578900000E+05   0.999284200000E+04   0.199787892629E+01
       2358   0.453894700000E+05   0.101941100000E+05   0.199743561651E+01
       2353   0.452210500000E+05   0.102958900000E+05   0.199715418438E+01
       2360   0.452210500000E+05   0.104000000000E+05   0.199724304084E+01
       2357   0.455578900000E+05   0.100946300000E+05   0.199785735046E+01
       2356   0.457263200000E+05   0.989684200000E+04   0.199775356818E+01
       2361   0.457263200000E+05   0.999747400000E+04   0.199783385620E+01
       2364   0.455578900000E+05   0.101964200000E+05   0.199775553092E+01
       2359   0.453894700000E+05   0.102970500000E+05   0.199740817900E+01
       2366   0.453894700000E+05   0.104000000000E+05   0.199728963631E+01
       2363   0.457263200000E+05   0.100981100000E+05   0.199785093498E+01
       2362   0.458947400000E+05   0.990263200000E+04   0.199766587528E+01
       2367   0.458947400000E+05   0.100021100000E+05   0.199773287203E+01
       2370   0.457263200000E+05   0.101987400000E+05   0.199783026201E+01
       2365   0.455578900000E+05   0.102982100000E+05   0.199763782698E+01
       2372   0.455578900000E+05   0.104000000000E+05   0.199752601853E+01
       2369   0.458947400000E+05   0.101015800000E+05   0.199775768047E+01
       2368   0.460631600000E+05   0.990842100000E+04   0.199766652461E+01
       2373   0.460631600000E+05   0.100067400000E+05   0.199777530879E+01
       2376   0.458947400000E+05   0.102010500000E+05   0.199778184305E+01
       2371   0.457263200000E+05   0.102993700000E+05   0.199777929508E+01
       2378   0.457263200000E+05   0.104000000000E+05   0.199771981727E+01
       2375   0.460631600000E+05   0.101050500000E+05   0.199779900251E+01
       2374   0.462315800000E+05   0.991421100000E+04   0.199784728071E+01
       2379   0.462315800000E+05   0.100113700000E+05   0.199791368666E+01
       2382   0.460631600000E+05   0.102033700000E+05   0.199782744489E+01
       2377   0.458947400000E+05   0.103005300000E+05   0.199778285160E+01
       2384   0.458947400000E+05   0.104000000000E+05   0.199770861482E+01
       2381   0.462315800000E+05   0.101085300000E+05   0.199786456233E+01
       2380   0.464000000000E+05   0.992000000000E+04   0.199838741862E+01
       2385   0.464000000000E+05   0.100160000000E+05   0.199829730907E+01
       2388   0.462315800000E+05   0.102056800000E+05   0.199787732803E+01
       2383   0.460631600000E+05   0.103016800000E+05   0.199781570174E+01
       2390   0.460631600000E+05   0.104000000000E+05   0.199772372196E+01
       2387   0.464000000000E+05   0.101120000000E+05   0.199807066327E+01
       2386   0.465684200000E+05   0.992578900000E+04   0.199899125382E+01
       2391   0.465684200000E+05   0.100206300000E+05   0.199878381148E+01
       2394   0.464000000000E+05   0.102080000000E+05   0.199797012190E+01
       2389   0.462315800000E+05   0.103028400000E+05   0.199795145851E+01
       2396   0.462315800000E+05   0.104000000000E+05   0.199800015048E+01
       2393   0.465684200000E+05   0.101154700000E+05   0.199859434786E+01
       2392   0.467368400000E+05   0.993157900000E+04   0.199797358309E+01
       2397   0.467368400000E+05   0.100252600000E+05   0.199781231355E+01
       2400   0.465684200000E+05   0.102103200000E+05   0.199857988397E+01
       2395   0.464000000000E+05   0.103040000000E+05   0.199807490133E+01
       2402   0.464000000000E+05   0.104000000000E+05   0.199827713904E+01
       2399   0.467368400000E+05   0.101189500000E+05   0.199775556196E+01
       2398   0.469052600000E+05   0.993736800000E+04   0.199703657720E+01
       2403   0.469052600000E+05   0.100298900000E+05   0.199706389657E+01
       2406   0.467368400000E+05   0.102126300000E+05   0.199789893707E+01
       2401   0.465684200000E+05   0.103051600000E+05   0.199885763403E+01
       2408   0.465684200000E+05   0.104000000000E+05   0.199904193143E+01
       2405   0.469052600000E+05   0.101224200000E+05   0.199703790181E+01
       2404   0.470736800000E+05   0.994315800000E+04   0.199757002904E+01
       2409   0.470736800000E+05   0.100345300000E+05   0.199762626222E+01
       2412   0.469052600000E+05   0.102149500000E+05   0.199713216264E+01
       2407   0.467368400000E+05   0.103063200000E+05   0.199810338584E+01
       2414   0.467368400000E+05   0.104000000000E+05   0.199818646627E+01
       2411   0.470736800000E+05   0.101258900000E+05   0.199765320627E+01
       2410   0.472421100000E+05   0.994894700000E+04   0.199819144737E+01
       2415   0.472421100000E+05   0.100391600000E+05   0.199813896388E+01
       2418   0.470736800000E+05   0.102172600000E+05   0.199771173312E+01
       2413   0.469052600000E+05   0.103074700000E+05   0.199729227859E+01
       2420   0.469052600000E+05   0.104000000000E+05   0.199744563575E+01
       2417   0.472421100000E+05   0.101293700000E+05   0.199811409134E+01
       2416   0.474105300000E+05   0.995473700000E+04   0.199856737650E+01
       2421   0.474105300000E+05   0.100437900000E+05   0.199846714816E+01
       2424   0.472421100000E+05   0.102195800000E+05   0.199811978148E+01
       2419   0.470736800000E+05   0.103086300000E+05   0.199779388770E+01
       2426   0.470736800000E+05   0.104000000000E+05   0.199792578397E+01
       2423   0.474105300000E+05   0.101328400000E+05   0.199842338996E+01
       2422   0.475789500000E+05   0.996052600000E+04   0.199869118517E+01
       2427   0.475789500000E+05   0.100484200000E+05   0.199861393283E+01
       2430   0.474105300000E+05   0.102218900000E+05   0.199841273517E+01
       2425   0.472421100000E+05   0.103097900000E+05   0.199816676859E+01
       2432   0.472421100000E+05   0.104000000000E+05   0.199824385678E+01
       2429   0.475789500000E+05   0.101363200000E+05   0.199857870232E+01
       2428   0.477473700000E+05   0.996631600000E+04   0.199885778749E+01
       2433   0.477473700000E+05   0.100530500000E+05   0.199880939842E+01
       2436   0.475789500000E+05   0.102242100000E+05   0.199857524372E+01
       2431   0.474105300000E+05   0.103109500000E+05   0.199843578097E+01
       2438   0.474105300000E+05   0.104000000000E+05   0.199847174209E+01
       2435   0.477473700000E+05   0.101397900000E+05   0.199878208724E+01
       2434   0.479157900000E+05   0.997210500000E+04   0.199903830007E+01
       2439   0.479157900000E+05   0.100576800000E+05   0.199900048526E+01
       2442   0.477473700000E+05   0.102265300000E+05   0.199878085262E+01
       2437   0.475789500000E+05   0.103121100000E+05   0.199859788265E+01
       2444   0.475789500000E+05   0.104000000000E+05   0.199863352935E+01
       2441   0.479157900000E+05   0.101432600000E+05   0.199897736901E+01
       2440   0.480842100000E+05   0.997789500000E+04   0.199924684973E+01
       2446   0.480842100000E+05   0.101186000000E+05   0.199916490781E+01
       2447   0.479157900000E+05   0.102288400000E+05   0.199897717930E+01
       2443   0.477473700000E+05   0.103132600000E+05   0.199880296179E+01
       2449   0.477473700000E+05   0.104000000000E+05   0.199884058714E+01
       2445   0.482526300000E+05   0.998368400000E+04   0.199940613775E+01
       2451   0.482526300000E+05   0.101224600000E+05   0.199935538523E+01
       2452   0.480842100000E+05   0.102593000000E+05   0.199916765847E+01
       2448   0.479157900000E+05   0.103144200000E+05   0.199899541716E+01
       2453   0.479157900000E+05   0.104000000000E+05   0.199903489802E+01
       2450   0.484210500000E+05   0.998947400000E+04   0.199958043428E+01
       2455   0.484210500000E+05   0.101263200000E+05   0.199952991674E+01
       2456   0.482526300000E+05   0.102612300000E+05   0.199936306207E+01
       2457   0.480842100000E+05   0.104000000000E+05   0.199919922856E+01
       2454   0.485894700000E+05   0.999526300000E+04   0.199972659981E+01
       2459   0.485894700000E+05   0.101301800000E+05   0.199968929371E+01
       2460   0.484210500000E+05   0.102631600000E+05   0.199952829438E+01
       2461   0.482526300000E+05   0.104000000000E+05   0.199939523762E+01
       2458   0.487578900000E+05   0.100010500000E+05   0.199984849856E+01
       2463   0.487578900000E+05   0.101340400000E+05   0.199981926612E+01
       2464   0.485894700000E+05   0.102650900000E+05   0.199967257303E+01
       2465   0.484210500000E+05   0.104000000000E+05   0.199954336904E+01
       2462   0.489263200000E+05   0.100068400000E+05   0.199994602843E+01
       2467   0.489263200000E+05   0.101378900000E+05   0.199991983539E+01
       2468   0.487578900000E+05   0.102670200000E+05   0.199977009969E+01
       2469   0.485894700000E+05   0.104000000000E+05   0.199965738088E+01
       2466   0.490947400000E+05   0.100126300000E+05   0.200004778895E+01
       2471   0.490947400000E+05   0.101417500000E+05   0.200003082852E+01
       2472   0.489263200000E+05   0.102689500000E+05   0.199984798158E+01
       2473   0.487578900000E+05   0.104000000000E+05   0.199972704621E+01
       2470   0.492631600000E+05   0.100184200000E+05   0.200017293865E+01
       2475   0.492631600000E+05   0.101456100000E+05   0.200016508027E+01
       2476   0.490947400000E+05   0.102708800000E+05   0.199995226047E+01
       2477   0.489263200000E+05   0.104000000000E+05   0.199979128784E+01
       2474   0.494315800000E+05   0.100242100000E+05   0.200030163228E+01
       2479   0.494315800000E+05   0.101494700000E+05   0.200030284958E+01
       2480   0.492631600000E+05   0.102728100000E+05   0.200008712095E+01
       2481   0.490947400000E+05   0.104000000000E+05   0.199988898974E+01
       2478   0.496000000000E+05   0.100300000000E+05   0.200040561233E+01
       2483   0.496000000000E+05   0.101533300000E+05   0.200042105619E+01
       2484   0.494315800000E+05   0.102747400000E+05   0.200023564048E+01
       2485   0.492631600000E+05   0.104000000000E+05   0.200002262513E+01
       2482   0.497684200000E+05   0.100357900000E+05   0.200045714024E+01
       2487   0.497684200000E+05   0.101571900000E+05   0.200048077803E+01
       2488   0.496000000000E+05   0.102766700000E+05   0.200036225806E+01
       2489   0.494315800000E+05   0.104000000000E+05   0.200016742369E+01
       2486   0.499368400000E+05   0.100415800000E+05   0.200042345963E+01
       2491   0.499368400000E+05   0.101610500000E+05   0.200044543070E+01
       2492   0.497684200000E+05   0.102786000000E+05   0.200042545883E+01
       2493   0.496000000000E+05   0.104000000000E+05   0.200029022906E+01
       2490   0.501052600000E+05   0.100473700000E+05   0.200032713108E+01
       2495   0.501052600000E+05   0.101649100000E+05   0.200034752209E+01
       2496   0.499368400000E+05   0.102805300000E+05   0.200039473510E+01
       2497   0.497684200000E+05   0.104000000000E+05   0.200035894998E+01
       2500   0.501052600000E+05   0.102824600000E+05   0.200029757487E+01
       2501   0.499368400000E+05   0.104000000000E+05   0.200033024396E+01
       2308   0.443789500000E+05   0.985052600000E+04   0.199566041621E+01
       2310   0.440421100000E+05   0.101755800000E+05   0.199516850812E+01
       2494   0.502736800000E+05   0.100531600000E+05   0.200028923824E+01
