         372           8
        127   0.504421100000E+05  -0.104000000000E+05   0.200279373425E+01
        132   0.504421100000E+05  -0.102863200000E+05   0.200282084408E+01
        131   0.502736800000E+05  -0.104000000000E+05   0.200290039014E+01
        136   0.502736800000E+05  -0.102843900000E+05   0.200290891462E+01
        135   0.501052600000E+05  -0.104000000000E+05   0.200295311541E+01
        137   0.504421100000E+05  -0.101726300000E+05   0.200273603681E+01
        133   0.506105300000E+05  -0.101764900000E+05   0.200259870304E+01
        138   0.506105300000E+05  -0.100647400000E+05   0.200249719778E+01
        140   0.501052600000E+05  -0.102824600000E+05   0.200295405664E+01
        139   0.499368400000E+05  -0.104000000000E+05   0.200298210824E+01
        141   0.502736800000E+05  -0.101687700000E+05   0.200283908036E+01
        142   0.504421100000E+05  -0.100589500000E+05   0.200264816621E+01
        144   0.499368400000E+05  -0.102805300000E+05   0.200298102283E+01
        143   0.497684200000E+05  -0.104000000000E+05   0.200301770865E+01
        145   0.501052600000E+05  -0.101649100000E+05   0.200288767261E+01
        146   0.502736800000E+05  -0.100531600000E+05   0.200276501764E+01
        148   0.497684200000E+05  -0.102786000000E+05   0.200301162156E+01
        147   0.496000000000E+05  -0.104000000000E+05   0.200307966338E+01
        149   0.499368400000E+05  -0.101610500000E+05   0.200291462143E+01
        150   0.501052600000E+05  -0.100473700000E+05   0.200282452166E+01
        152   0.496000000000E+05  -0.102766700000E+05   0.200306390925E+01
        151   0.494315800000E+05  -0.104000000000E+05   0.200316640373E+01
        153   0.497684200000E+05  -0.101571900000E+05   0.200295359200E+01
        154   0.499368400000E+05  -0.100415800000E+05   0.200286026856E+01
        156   0.494315800000E+05  -0.102747400000E+05   0.200314231750E+01
        155   0.492631600000E+05  -0.104000000000E+05   0.200323743867E+01
        157   0.496000000000E+05  -0.101533300000E+05   0.200301587927E+01
        158   0.497684200000E+05  -0.100357900000E+05   0.200290473864E+01
        160   0.492631600000E+05  -0.102728100000E+05   0.200321917586E+01
        159   0.490947400000E+05  -0.104000000000E+05   0.200323865829E+01
        161   0.494315800000E+05  -0.101494700000E+05   0.200310011054E+01
        162   0.496000000000E+05  -0.100300000000E+05   0.200297933981E+01
        164   0.490947400000E+05  -0.102708800000E+05   0.200323569118E+01
        163   0.489263200000E+05  -0.104000000000E+05   0.200319966863E+01
        165   0.492631600000E+05  -0.101456100000E+05   0.200317451417E+01
        166   0.494315800000E+05  -0.100242100000E+05   0.200307964435E+01
        168   0.489263200000E+05  -0.102689500000E+05   0.200320567573E+01
        167   0.487578900000E+05  -0.104000000000E+05   0.200323612910E+01
        169   0.490947400000E+05  -0.101417500000E+05   0.200319501637E+01
        170   0.492631600000E+05  -0.100184200000E+05   0.200314569881E+01
        172   0.487578900000E+05  -0.102670200000E+05   0.200324519247E+01
        171   0.485894700000E+05  -0.104000000000E+05   0.200340619604E+01
        173   0.489263200000E+05  -0.101378900000E+05   0.200318655154E+01
        174   0.490947400000E+05  -0.100126300000E+05   0.200315073425E+01
        176   0.485894700000E+05  -0.102650900000E+05   0.200339653266E+01
        175   0.484210500000E+05  -0.104000000000E+05   0.200370227200E+01
        177   0.487578900000E+05  -0.101340400000E+05   0.200323976345E+01
        178   0.489263200000E+05  -0.100068400000E+05   0.200312722497E+01
        180   0.484210500000E+05  -0.102631600000E+05   0.200365305325E+01
        179   0.482526300000E+05  -0.104000000000E+05   0.200391855408E+01
        181   0.485894700000E+05  -0.101301800000E+05   0.200340785946E+01
        182   0.487578900000E+05  -0.100010500000E+05   0.200318102229E+01
        185   0.482526300000E+05  -0.102612300000E+05   0.200384231855E+01
        184   0.480842100000E+05  -0.104000000000E+05   0.200396214068E+01
        186   0.484210500000E+05  -0.101263200000E+05   0.200369829800E+01
        187   0.485894700000E+05  -0.999526300000E+04   0.200339301034E+01
        183   0.479157900000E+05  -0.104000000000E+05   0.200387065660E+01
        188   0.479157900000E+05  -0.103144200000E+05   0.200378064728E+01
        189   0.477473700000E+05  -0.104000000000E+05   0.200406751950E+01
        190   0.480842100000E+05  -0.102593000000E+05   0.200390042521E+01
        191   0.482526300000E+05  -0.101224600000E+05   0.200392735545E+01
        192   0.484210500000E+05  -0.998947400000E+04   0.200368124464E+01
        193   0.479157900000E+05  -0.102288400000E+05   0.200362744250E+01
        194   0.477473700000E+05  -0.103132600000E+05   0.200376748785E+01
        195   0.475789500000E+05  -0.104000000000E+05   0.200452782461E+01
        196   0.480842100000E+05  -0.101186000000E+05   0.200400181478E+01
        197   0.482526300000E+05  -0.998368400000E+04   0.200399689291E+01
        198   0.479157900000E+05  -0.101432600000E+05   0.200366115396E+01
        199   0.477473700000E+05  -0.102265300000E+05   0.200344326262E+01
        200   0.475789500000E+05  -0.103121100000E+05   0.200423861682E+01
        201   0.474105300000E+05  -0.104000000000E+05   0.200368260343E+01
        203   0.480842100000E+05  -0.997789500000E+04   0.200415970066E+01
        202   0.479157900000E+05  -0.100576800000E+05   0.200383644192E+01
        204   0.477473700000E+05  -0.101397900000E+05   0.200335379513E+01
        205   0.475789500000E+05  -0.102242100000E+05   0.200403030796E+01
        206   0.474105300000E+05  -0.103109500000E+05   0.200377047046E+01
        207   0.472421100000E+05  -0.104000000000E+05   0.200408624372E+01
        209   0.479157900000E+05  -0.997210500000E+04   0.200414505199E+01
        208   0.477473700000E+05  -0.100530500000E+05   0.200356902754E+01
        210   0.475789500000E+05  -0.101363200000E+05   0.200395614329E+01
        211   0.474105300000E+05  -0.102218900000E+05   0.200374340737E+01
        212   0.472421100000E+05  -0.103097900000E+05   0.200406810997E+01
        213   0.470736800000E+05  -0.104000000000E+05   0.200391225502E+01
        215   0.477473700000E+05  -0.996631600000E+04   0.200394908921E+01
        214   0.475789500000E+05  -0.100484200000E+05   0.200414785310E+01
        216   0.474105300000E+05  -0.101328400000E+05   0.200369410943E+01
        217   0.472421100000E+05  -0.102195800000E+05   0.200390621509E+01
        218   0.470736800000E+05  -0.103086300000E+05   0.200338910696E+01
        219   0.469052600000E+05  -0.104000000000E+05   0.200320991266E+01
        221   0.475789500000E+05  -0.996052600000E+04   0.200421452607E+01
        220   0.474105300000E+05  -0.100437900000E+05   0.200369099983E+01
        222   0.472421100000E+05  -0.101293700000E+05   0.200385309528E+01
        223   0.470736800000E+05  -0.102172600000E+05   0.200318850146E+01
        224   0.469052600000E+05  -0.103074700000E+05   0.200283803209E+01
        225   0.467368400000E+05  -0.104000000000E+05   0.200336825923E+01
        227   0.474105300000E+05  -0.995473700000E+04   0.200349486173E+01
        226   0.472421100000E+05  -0.100391600000E+05   0.200392282518E+01
        228   0.470736800000E+05  -0.101258900000E+05   0.200338753056E+01
        229   0.469052600000E+05  -0.102149500000E+05   0.200252553375E+01
        230   0.467368400000E+05  -0.103063200000E+05   0.200291906682E+01
        231   0.465684200000E+05  -0.104000000000E+05   0.200389650170E+01
        233   0.472421100000E+05  -0.994894700000E+04   0.200415090053E+01
        232   0.470736800000E+05  -0.100345300000E+05   0.200375888393E+01
        234   0.469052600000E+05  -0.101224200000E+05   0.200260842888E+01
        235   0.467368400000E+05  -0.102126300000E+05   0.200251030435E+01
        236   0.465684200000E+05  -0.103051600000E+05   0.200362140381E+01
        237   0.464000000000E+05  -0.104000000000E+05   0.200359485955E+01
        239   0.470736800000E+05  -0.994315800000E+04   0.200406793980E+01
        238   0.469052600000E+05  -0.100298900000E+05   0.200301739324E+01
        240   0.467368400000E+05  -0.101189500000E+05   0.200242882043E+01
        241   0.465684200000E+05  -0.102103200000E+05   0.200329492117E+01
        242   0.464000000000E+05  -0.103040000000E+05   0.200345195295E+01
        243   0.462315800000E+05  -0.104000000000E+05   0.200339569712E+01
        245   0.469052600000E+05  -0.993736800000E+04   0.200342819171E+01
        244   0.467368400000E+05  -0.100252600000E+05   0.200272498944E+01
        246   0.465684200000E+05  -0.101154700000E+05   0.200310238183E+01
        247   0.464000000000E+05  -0.102080000000E+05   0.200348000982E+01
        248   0.462315800000E+05  -0.103028400000E+05   0.200367064425E+01
        249   0.460631600000E+05  -0.104000000000E+05   0.200380758404E+01
        251   0.467368400000E+05  -0.993157900000E+04   0.200309375787E+01
        250   0.465684200000E+05  -0.100206300000E+05   0.200334475739E+01
        252   0.464000000000E+05  -0.101120000000E+05   0.200353730847E+01
        253   0.462315800000E+05  -0.102056800000E+05   0.200352650950E+01
        254   0.460631600000E+05  -0.103016800000E+05   0.200339669779E+01
        255   0.458947400000E+05  -0.104000000000E+05   0.200284774038E+01
        257   0.465684200000E+05  -0.992578900000E+04   0.200381311692E+01
        256   0.464000000000E+05  -0.100160000000E+05   0.200373349804E+01
        258   0.462315800000E+05  -0.101085300000E+05   0.200340054646E+01
        259   0.460631600000E+05  -0.102033700000E+05   0.200313353621E+01
        260   0.458947400000E+05  -0.103005300000E+05   0.200240160572E+01
        261   0.457263200000E+05  -0.104000000000E+05   0.200283157810E+01
        263   0.464000000000E+05  -0.992000000000E+04   0.200352808215E+01
        262   0.462315800000E+05  -0.100113700000E+05   0.200334128375E+01
        264   0.460631600000E+05  -0.101050500000E+05   0.200329633453E+01
        265   0.458947400000E+05  -0.102010500000E+05   0.200217986284E+01
        266   0.457263200000E+05  -0.102993700000E+05   0.200249913726E+01
        267   0.455578900000E+05  -0.104000000000E+05   0.200251852089E+01
        269   0.462315800000E+05  -0.991421100000E+04   0.200338884952E+01
        268   0.460631600000E+05  -0.100067400000E+05   0.200355705198E+01
        270   0.458947400000E+05  -0.101015800000E+05   0.200234274893E+01
        271   0.457263200000E+05  -0.101987400000E+05   0.200225415292E+01
        272   0.455578900000E+05  -0.102982100000E+05   0.200234564042E+01
        273   0.453894700000E+05  -0.104000000000E+05   0.200285581502E+01
        275   0.460631600000E+05  -0.990842100000E+04   0.200389324578E+01
        274   0.458947400000E+05  -0.100021100000E+05   0.200275787101E+01
        276   0.457263200000E+05  -0.100981100000E+05   0.200225262816E+01
        277   0.455578900000E+05  -0.101964200000E+05   0.200214498107E+01
        278   0.453894700000E+05  -0.102970500000E+05   0.200248044626E+01
        279   0.452210500000E+05  -0.104000000000E+05   0.200339663388E+01
        281   0.458947400000E+05  -0.990263200000E+04   0.200308875972E+01
        280   0.457263200000E+05  -0.999747400000E+04   0.200244011482E+01
        282   0.455578900000E+05  -0.100946300000E+05   0.200218485423E+01
        283   0.453894700000E+05  -0.101941100000E+05   0.200202908947E+01
        284   0.452210500000E+05  -0.102958900000E+05   0.200306542386E+01
        285   0.450526300000E+05  -0.104000000000E+05   0.200260569776E+01
        287   0.457263200000E+05  -0.989684200000E+04   0.200260494419E+01
        286   0.455578900000E+05  -0.999284200000E+04   0.200246096696E+01
        288   0.453894700000E+05  -0.100911600000E+05   0.200191039270E+01
        289   0.452210500000E+05  -0.101917900000E+05   0.200273263232E+01
        290   0.450526300000E+05  -0.102947400000E+05   0.200256205743E+01
        291   0.448842100000E+05  -0.104000000000E+05   0.200250915446E+01
        293   0.455578900000E+05  -0.989105300000E+04   0.200279914063E+01
        292   0.453894700000E+05  -0.998821100000E+04   0.200216711472E+01
        294   0.452210500000E+05  -0.100876800000E+05   0.200258850348E+01
        295   0.450526300000E+05  -0.101894700000E+05   0.200257313391E+01
        296   0.448842100000E+05  -0.102935800000E+05   0.200268036503E+01
        297   0.447157900000E+05  -0.104000000000E+05   0.200296373036E+01
        299   0.453894700000E+05  -0.988526300000E+04   0.200262203460E+01
        298   0.452210500000E+05  -0.998357900000E+04   0.200288922075E+01
        300   0.450526300000E+05  -0.100842100000E+05   0.200270519645E+01
        301   0.448842100000E+05  -0.101871600000E+05   0.200246348629E+01
        302   0.447157900000E+05  -0.102924200000E+05   0.200242816833E+01
        303   0.445473700000E+05  -0.104000000000E+05   0.200218694014E+01
        305   0.452210500000E+05  -0.987947400000E+04   0.200340805537E+01
        304   0.450526300000E+05  -0.997894700000E+04   0.200289559942E+01
        306   0.448842100000E+05  -0.100807400000E+05   0.200229599280E+01
        307   0.447157900000E+05  -0.101848400000E+05   0.200211779106E+01
        308   0.445473700000E+05  -0.102912600000E+05   0.200162078969E+01
        309   0.443789500000E+05  -0.104000000000E+05   0.200243687747E+01
        311   0.450526300000E+05  -0.987368400000E+04   0.200272501196E+01
        310   0.448842100000E+05  -0.997431600000E+04   0.200227132585E+01
        312   0.447157900000E+05  -0.100772600000E+05   0.200231501795E+01
        313   0.445473700000E+05  -0.101825300000E+05   0.200122775086E+01
        314   0.443789500000E+05  -0.102901100000E+05   0.200194705088E+01
        317   0.448842100000E+05  -0.986789500000E+04   0.200243448489E+01
        316   0.447157900000E+05  -0.996968400000E+04   0.200270216191E+01
        318   0.445473700000E+05  -0.100737900000E+05   0.200132068919E+01
        319   0.443789500000E+05  -0.101802100000E+05   0.200155879805E+01
        323   0.447157900000E+05  -0.986210500000E+04   0.200311082007E+01
        322   0.445473700000E+05  -0.996505300000E+04   0.200183047097E+01
       1014   0.208319400000E+05  -0.644776900000E+04   0.192436226868E+01
        962   0.208565600000E+05  -0.720784400000E+04   0.192153995310E+01
       1013   0.213857500000E+05  -0.675747600000E+04   0.192390387724E+01
        963   0.202959000000E+05  -0.690157400000E+04   0.192185723942E+01
       1015   0.202830000000E+05  -0.613257600000E+04   0.192432169770E+01
       1016   0.200907500000E+05  -0.553412500000E+04   0.192469148181E+01
        965   0.195223600000E+05  -0.595515200000E+04   0.192145212387E+01
       1062   0.213731400000E+05  -0.604339600000E+04   0.192707767048E+01
       1061   0.219286700000E+05  -0.635114200000E+04   0.192639922522E+01
       1063   0.208748500000E+05  -0.564853200000E+04   0.192805404847E+01
       1065   0.199854600000E+05  -0.486193500000E+04   0.192494165416E+01
       1017   0.194051100000E+05  -0.527477100000E+04   0.192139231917E+01
       1064   0.205695700000E+05  -0.511498500000E+04   0.192796376910E+01
       1066   0.194322600000E+05  -0.450420200000E+04   0.192191701828E+01
       1018   0.188315700000E+05  -0.491810700000E+04   0.191831634331E+01
       1067   0.188661200000E+05  -0.413489400000E+04   0.191902493733E+01
       1074   0.224937900000E+05  -0.600772800000E+04   0.192916377230E+01
       1109   0.219412000000E+05  -0.569469200000E+04   0.193019374550E+01
       1110   0.215243400000E+05  -0.529505700000E+04   0.193187126676E+01
       1111   0.211396100000E+05  -0.486309500000E+04   0.193166127067E+01
       1112   0.205903600000E+05  -0.448954100000E+04   0.192870418310E+01
       1113   0.200416700000E+05  -0.412722200000E+04   0.192581424644E+01
       1114   0.194870500000E+05  -0.375078400000E+04   0.192293839924E+01
       1068   0.183691700000E+05  -0.370170400000E+04   0.191727876756E+01
       1115   0.190050800000E+05  -0.331507800000E+04   0.192124591892E+01
       1116   0.185248600000E+05  -0.286153100000E+04   0.191992393541E+01
       1122   0.225243000000E+05  -0.541000200000E+04   0.193359848050E+01
       1121   0.230856200000E+05  -0.575306600000E+04   0.193361336670E+01
       1161   0.221237400000E+05  -0.499282300000E+04   0.193537888144E+01
       1162   0.217320700000E+05  -0.456080800000E+04   0.193570375615E+01
       1163   0.211987200000E+05  -0.418161800000E+04   0.193280766733E+01
       1164   0.206606300000E+05  -0.379347200000E+04   0.192985990473E+01
       1165   0.201142300000E+05  -0.340651600000E+04   0.192699155365E+01
       1166   0.196441500000E+05  -0.296691900000E+04   0.192531068034E+01
       1167   0.191768400000E+05  -0.251159100000E+04   0.192410244259E+01
       1168   0.186580200000E+05  -0.206751000000E+04   0.192263084729E+01
       1117   0.179985700000E+05  -0.241418200000E+04   0.191859664537E+01
       1123   0.236978800000E+05  -0.561687100000E+04   0.193983356877E+01
       1172   0.231242800000E+05  -0.521693500000E+04   0.193724588136E+01
       1173   0.227335100000E+05  -0.477545200000E+04   0.193841468155E+01
       1179   0.242224900000E+05  -0.513350800000E+04   0.194449771815E+01
       1174   0.236759500000E+05  -0.506946200000E+04   0.194166114534E+01
       1178   0.243083200000E+05  -0.561757000000E+04   0.194427760105E+01
       1220   0.223488000000E+05  -0.432771900000E+04   0.193943673477E+01
       1221   0.218202200000E+05  -0.392212600000E+04   0.193698573041E+01
       1222   0.212883500000E+05  -0.351620100000E+04   0.193387897557E+01
       1223   0.207498000000E+05  -0.310915700000E+04   0.193097797119E+01
       1224   0.202888000000E+05  -0.266222000000E+04   0.192920785899E+01
       1225   0.198320000000E+05  -0.220127700000E+04   0.192800699714E+01
       1226   0.193247800000E+05  -0.175064200000E+04   0.192639340300E+01
       1169   0.186443600000E+05  -0.136592300000E+04   0.192372696846E+01
       1227   0.193224200000E+05  -0.107213800000E+04   0.192695903261E+01
       1230   0.233532000000E+05  -0.462996300000E+04   0.194153844885E+01
       1231   0.229807600000E+05  -0.416794900000E+04   0.194226110667E+01
       1232   0.239731100000E+05  -0.459409300000E+04   0.194447339639E+01
       1236   0.248102100000E+05  -0.522854600000E+04   0.194674219715E+01
       1180   0.248886600000E+05  -0.574466500000E+04   0.194549192094E+01
       1237   0.245768400000E+05  -0.466920900000E+04   0.194719927738E+01
       1238   0.253696800000E+05  -0.542161500000E+04   0.194824352766E+01
       1181   0.254228800000E+05  -0.596501600000E+04   0.194641040143E+01
       1272   0.224516400000E+05  -0.372997200000E+04   0.194081350096E+01
       1273   0.219257300000E+05  -0.329496700000E+04   0.193748975283E+01
       1274   0.213931700000E+05  -0.286558800000E+04   0.193470055963E+01
       1276   0.209401900000E+05  -0.240518900000E+04   0.193278566312E+01
       1277   0.204914300000E+05  -0.193662500000E+04   0.193161889551E+01
       1278   0.199963800000E+05  -0.147626500000E+04   0.192996210349E+01
       1279   0.200037800000E+05  -0.830436700000E+03   0.193000278491E+01
       1228   0.193051700000E+05  -0.389882500000E+03   0.192658063890E+01
       1280   0.199884800000E+05  -0.217067900000E+03   0.192920152389E+01
       1281   0.200634100000E+05   0.296253800000E+03   0.192868613293E+01
       1229   0.193398200000E+05   0.340593200000E+03   0.192590133571E+01
       1283   0.236700300000E+05  -0.405409600000E+04   0.194466404397E+01
       1282   0.230849800000E+05  -0.361467500000E+04   0.194328737987E+01
       1284   0.243531200000E+05  -0.412113300000E+04   0.194720385611E+01
       1288   0.251546800000E+05  -0.481776900000E+04   0.194934560177E+01
       1289   0.249573400000E+05  -0.423884300000E+04   0.194950001556E+01
       1290   0.256913200000E+05  -0.504020800000E+04   0.195062494651E+01
       1239   0.259434700000E+05  -0.567784300000E+04   0.194973169673E+01
       1321   0.225709400000E+05  -0.313883600000E+04   0.194098107616E+01
       1322   0.220424900000E+05  -0.268006900000E+04   0.193741743533E+01
       1323   0.215953900000E+05  -0.220415000000E+04   0.193571189805E+01
       1275   0.199158700000E+05   0.859450000000E+03   0.192700661331E+01
       1325   0.206264600000E+05   0.648666700000E+03   0.193008883409E+01
       1326   0.211572600000E+05  -0.171190600000E+04   0.193456109335E+01
       1327   0.206782800000E+05  -0.124654500000E+04   0.193306512514E+01
       1328   0.206948900000E+05  -0.629211900000E+03   0.193295756251E+01
       1329   0.206881400000E+05  -0.426794200000E+01   0.193185344393E+01
       1330   0.232171000000E+05  -0.304579100000E+04   0.194348815040E+01
       1331   0.236553800000E+05  -0.349565300000E+04   0.194566968102E+01
       1332   0.242172600000E+05  -0.358609400000E+04   0.194745024305E+01
       1333   0.248239300000E+05  -0.368320900000E+04   0.194927225394E+01
       1337   0.255293700000E+05  -0.442178200000E+04   0.195114545022E+01
       1338   0.254121900000E+05  -0.385215600000E+04   0.195101055557E+01
       1339   0.260547500000E+05  -0.465873800000E+04   0.195220017105E+01
       1367   0.226913100000E+05  -0.255642500000E+04   0.194047628479E+01
       1368   0.222521700000E+05  -0.205963900000E+04   0.193730317932E+01
       1369   0.218137000000E+05  -0.155354200000E+04   0.193649274941E+01
       1370   0.211678000000E+05   0.109729700000E+04   0.193102746798E+01
       1324   0.204809900000E+05   0.129522200000E+04   0.192800352017E+01
       1371   0.212853600000E+05   0.428718600000E+03   0.193326480983E+01
       1372   0.214068000000E+05  -0.997389700000E+03   0.193592869835E+01
       1373   0.213388100000E+05  -0.292368900000E+03   0.193504604118E+01
       1375   0.239228200000E+05  -0.299682300000E+04   0.194566009063E+01
       1374   0.233374700000E+05  -0.250522000000E+04   0.194252380999E+01
       1376   0.246039300000E+05  -0.311783400000E+04   0.194845244295E+01
       1377   0.252115300000E+05  -0.325543700000E+04   0.194990074852E+01
       1382   0.260305000000E+05  -0.406839000000E+04   0.195267771092E+01
       1378   0.257789200000E+05  -0.345591400000E+04   0.195180289860E+01
       1408   0.214859200000E+05   0.162949500000E+04   0.193089130249E+01
       1366   0.208778800000E+05   0.172642000000E+04   0.192844710798E+01
       1409   0.229088700000E+05  -0.197624500000E+04   0.193981834087E+01
       1410   0.224815800000E+05  -0.145600200000E+04   0.193745229825E+01
       1411   0.221483500000E+05  -0.929618800000E+03   0.193729750802E+01
       1412   0.218352400000E+05   0.960503300000E+03   0.193396219937E+01
       1413   0.219362000000E+05   0.303504200000E+03   0.193572046112E+01
       1414   0.220023500000E+05  -0.352590700000E+03   0.193694386804E+01
       1415   0.239156800000E+05  -0.243911300000E+04   0.194448340199E+01
       1416   0.235556200000E+05  -0.194477200000E+04   0.194179945784E+01
       1417   0.244840900000E+05  -0.256305200000E+04   0.194719233573E+01
       1418   0.250805900000E+05  -0.267810600000E+04   0.194909612262E+01
       1419   0.256646500000E+05  -0.286342600000E+04   0.195011452644E+01
       1421   0.262236000000E+05  -0.308456200000E+04   0.195249547590E+01
       1420   0.263003900000E+05  -0.362049300000E+04   0.195338695832E+01
       1425   0.267342500000E+05  -0.393028800000E+04   0.195431363239E+01
       1404   0.210559000000E+05   0.231499400000E+04   0.192824775490E+01
       1439   0.217268100000E+05   0.209477900000E+04   0.193112649571E+01
       1447   0.221493700000E+05   0.149156400000E+04   0.193407748183E+01
       1448   0.231380100000E+05  -0.140344600000E+04   0.193949824127E+01
       1449   0.228268700000E+05  -0.863308700000E+03   0.193827626298E+01
       1450   0.226699200000E+05  -0.312871100000E+03   0.193783626546E+01
       1451   0.225102800000E+05   0.872377200000E+03   0.193607659352E+01
       1452   0.226076700000E+05   0.286160900000E+03   0.193701640140E+01
       1453   0.242097500000E+05  -0.198669500000E+04   0.194406799454E+01
       1454   0.237864500000E+05  -0.141287900000E+04   0.194091462905E+01
       1455   0.248879800000E+05  -0.206659000000E+04   0.194708612511E+01
       1456   0.255365300000E+05  -0.227993600000E+04   0.194912020145E+01
       1457   0.261161200000E+05  -0.248833400000E+04   0.195044639602E+01
       1458   0.267617900000E+05  -0.336533300000E+04   0.195460957763E+01
       1459   0.266597500000E+05  -0.274429700000E+04   0.195350126547E+01
       1476   0.223342700000E+05   0.204531400000E+04   0.193435451211E+01
       1445   0.218493700000E+05   0.266219900000E+04   0.193157077542E+01
       1482   0.225837800000E+05   0.257104700000E+04   0.193578675653E+01
       1484   0.228033800000E+05   0.140904200000E+04   0.193673896395E+01
       1486   0.234890700000E+05  -0.850469200000E+03   0.193959993064E+01
       1487   0.233444900000E+05  -0.295266000000E+03   0.193874672413E+01
       1485   0.231948300000E+05   0.213560000000E+03   0.193790700445E+01
       1488   0.232420100000E+05   0.803461500000E+03   0.193734548202E+01
       1489   0.244162900000E+05  -0.148090700000E+04   0.194367186831E+01
       1490   0.241294000000E+05  -0.891683500000E+03   0.194133681497E+01
       1492   0.255073900000E+05  -0.172998900000E+04   0.194877937147E+01
       1491   0.249851000000E+05  -0.151876800000E+04   0.194695856671E+01
       1493   0.260794800000E+05  -0.192388200000E+04   0.194944298670E+01
       1494   0.266309600000E+05  -0.216738800000E+04   0.195078596146E+01
       1512   0.229801200000E+05   0.195535300000E+04   0.193792983859E+01
       1517   0.231848000000E+05   0.243445300000E+04   0.193945175245E+01
       1520   0.234517300000E+05   0.138406100000E+04   0.193898747300E+01
       1521   0.238076200000E+05   0.301582000000E+03   0.193868719849E+01
       1522   0.239996500000E+05  -0.287681000000E+03   0.194000608790E+01
       1523   0.239578400000E+05   0.862713800000E+03   0.193947121635E+01
       1524   0.247525700000E+05  -0.980551200000E+03   0.194493186742E+01
       1525   0.246251800000E+05  -0.380399800000E+03   0.194284820923E+01
       1526   0.253714900000E+05  -0.113136000000E+04   0.194833099221E+01
       1527   0.259526400000E+05  -0.132637000000E+04   0.194959659692E+01
       1528   0.265137800000E+05  -0.156192500000E+04   0.194943316428E+01
       1544   0.236349400000E+05   0.193628200000E+04   0.194088243224E+01
       1549   0.237602100000E+05   0.249696400000E+04   0.194271920419E+01
       1552   0.240932500000E+05   0.142299200000E+04   0.194121869840E+01
       1553   0.245083200000E+05   0.299722300000E+03   0.194111329376E+01
       1554   0.245886900000E+05   0.934707600000E+03   0.194201198134E+01
       1555   0.252441900000E+05  -0.558304300000E+03   0.194657247995E+01
       1556   0.251847800000E+05  -0.968042000000E+01   0.194497199921E+01
       1557   0.258354800000E+05  -0.739801900000E+03   0.194967914425E+01
       1558   0.263887000000E+05  -0.962029400000E+03   0.195046899378E+01
       1574   0.242647300000E+05   0.198705600000E+04   0.194364857718E+01
       1582   0.247151700000E+05   0.150915800000E+04   0.194400508516E+01
       1584   0.251625100000E+05   0.532064800000E+03   0.194443289539E+01
       1583   0.252089500000E+05   0.107609700000E+04   0.194498400297E+01
       1585   0.258081400000E+05  -0.218312800000E+03   0.194914973438E+01
       1586   0.257225300000E+05   0.218663400000E+03   0.194846870371E+01
       1587   0.263447500000E+05  -0.388929400000E+03   0.195113284103E+01
       1613   0.257744000000E+05   0.686029600000E+03   0.194812036590E+01
       1614   0.262985700000E+05   0.225342900000E+03   0.195132285830E+01
