         365           8
       1529   0.270542100000E+05  -0.183325800000E+04   0.195095747361E+01
       1497   0.271633600000E+05  -0.245019700000E+04   0.195420301872E+01
       1531   0.275917600000E+05  -0.214342000000E+04   0.195453132188E+01
       1527   0.259526400000E+05  -0.132637000000E+04   0.194959659692E+01
       1528   0.265137800000E+05  -0.156192500000E+04   0.194943316428E+01
       1558   0.263887000000E+05  -0.962029400000E+03   0.195046899378E+01
       1559   0.269297400000E+05  -0.123582100000E+04   0.195045408083E+01
       1560   0.274751500000E+05  -0.153262000000E+04   0.195234170486E+01
       1562   0.280263800000E+05  -0.184144800000E+04   0.195538341103E+01
       1561   0.281381400000E+05  -0.241798100000E+04   0.195635399446E+01
       1578   0.242458200000E+05   0.410181500000E+04   0.195094286839E+01
       1548   0.236271100000E+05   0.408487100000E+04   0.194716952937E+01
       1551   0.239863900000E+05   0.355947600000E+04   0.194805766378E+01
       1550   0.238246600000E+05   0.302835500000E+04   0.194477227782E+01
       1549   0.237602100000E+05   0.249696400000E+04   0.194271920419E+01
       1579   0.243888200000E+05   0.254184200000E+04   0.194586975185E+01
       1574   0.242647300000E+05   0.198705600000E+04   0.194364857718E+01
       1581   0.244604500000E+05   0.308355300000E+04   0.194878042398E+01
       1580   0.246057900000E+05   0.363465300000E+04   0.195179421154E+01
       1582   0.247151700000E+05   0.150915800000E+04   0.194400508516E+01
       1552   0.240932500000E+05   0.142299200000E+04   0.194121869840E+01
       1554   0.245886900000E+05   0.934707600000E+03   0.194201198134E+01
       1583   0.252089500000E+05   0.107609700000E+04   0.194498400297E+01
       1587   0.263447500000E+05  -0.388929400000E+03   0.195113284103E+01
       1557   0.258354800000E+05  -0.739801900000E+03   0.194967914425E+01
       1588   0.268681400000E+05  -0.654760800000E+03   0.195166676827E+01
       1589   0.273988200000E+05  -0.946590500000E+03   0.195227628289E+01
       1590   0.279408500000E+05  -0.125881000000E+04   0.195435626847E+01
       1591   0.285730500000E+05  -0.205652500000E+04   0.195654950826E+01
       1592   0.284780200000E+05  -0.147943000000E+04   0.195603316347E+01
       1603   0.248833500000E+05   0.208633800000E+04   0.194570883351E+01
       1606   0.245093000000E+05   0.513415600000E+04   0.195308826704E+01
       1604   0.243083200000E+05   0.561757000000E+04   0.195175091359E+01
       1576   0.238521800000E+05   0.511555900000E+04   0.194949917463E+01
       1577   0.239815200000E+05   0.461062800000E+04   0.195011741475E+01
       1605   0.245318800000E+05   0.460345300000E+04   0.195270947653E+01
       1607   0.248539700000E+05   0.420680900000E+04   0.195317037872E+01
       1608   0.250018400000E+05   0.265479100000E+04   0.194844520660E+01
       1609   0.252006000000E+05   0.378033800000E+04   0.195340682489E+01
       1610   0.250684600000E+05   0.320967100000E+04   0.195256257387E+01
       1611   0.253219500000E+05   0.164916400000E+04   0.194583130782E+01
       1612   0.258042900000E+05   0.124894300000E+04   0.194827237940E+01
       1613   0.257744000000E+05   0.686029600000E+03   0.194812036590E+01
       1614   0.262985700000E+05   0.225342900000E+03   0.195132285830E+01
       1585   0.258081400000E+05  -0.218312800000E+03   0.194914973438E+01
       1615   0.268397500000E+05  -0.627329800000E+02   0.195257261029E+01
       1616   0.273614500000E+05  -0.351795500000E+03   0.195331487896E+01
       1617   0.278851200000E+05  -0.670223800000E+03   0.195451394123E+01
       1618   0.284097600000E+05  -0.894581800000E+03   0.195562825010E+01
       1593   0.291274700000E+05  -0.226635900000E+04   0.195735387133E+01
       1619   0.290215000000E+05  -0.169802500000E+04   0.195667500899E+01
       1620   0.289404200000E+05  -0.111620200000E+04   0.195625332020E+01
       1621   0.295939500000E+05  -0.201449600000E+04   0.195758315291E+01
       1596   0.296398700000E+05  -0.253122400000E+04   0.195810371894E+01
       1623   0.301633200000E+05  -0.246777100000E+04   0.195844190008E+01
       1595   0.298415400000E+05  -0.302155300000E+04   0.195843888022E+01
       1628   0.254810700000E+05   0.224268500000E+04   0.194729064308E+01
       1629   0.248886600000E+05   0.574466500000E+04   0.195368632175E+01
       1630   0.250521400000E+05   0.479086700000E+04   0.195435497467E+01
       1631   0.251067400000E+05   0.527027300000E+04   0.195493400729E+01
       1632   0.254250000000E+05   0.439145600000E+04   0.195412198049E+01
       1633   0.255916000000E+05   0.282742500000E+04   0.195373640007E+01
       1634   0.257622600000E+05   0.398931200000E+04   0.195367499819E+01
       1635   0.256482300000E+05   0.339609700000E+04   0.195414196438E+01
       1636   0.259048100000E+05   0.183599900000E+04   0.194688045536E+01
       1637   0.263729100000E+05   0.146258800000E+04   0.195070540980E+01
       1638   0.263369900000E+05   0.866468600000E+03   0.195162598303E+01
       1639   0.268493100000E+05   0.540648900000E+03   0.195365809304E+01
       1640   0.273570300000E+05   0.246780200000E+03   0.195430032026E+01
       1641   0.278635300000E+05  -0.775465600000E+02   0.195495869843E+01
       1642   0.283746100000E+05  -0.305116400000E+03   0.195535822490E+01
       1643   0.288913300000E+05  -0.527928900000E+03   0.195506811985E+01
       1644   0.294904600000E+05  -0.144372900000E+04   0.195679821090E+01
       1645   0.294201300000E+05  -0.860799100000E+03   0.195539813050E+01
       1646   0.300680300000E+05  -0.183832400000E+04   0.195767205599E+01
       1622   0.303621200000E+05  -0.306843000000E+04   0.195833131016E+01
       1647   0.307462400000E+05  -0.263253700000E+04   0.195755350504E+01
       1648   0.306166600000E+05  -0.207219700000E+04   0.195783055482E+01
       1652   0.260531000000E+05   0.244925500000E+04   0.195328278650E+01
       1654   0.255705400000E+05   0.552185600000E+04   0.195605225839E+01
       1653   0.254228800000E+05   0.596501600000E+04   0.195553320922E+01
       1655   0.256052800000E+05   0.499513500000E+04   0.195515052203E+01
       1656   0.259648900000E+05   0.462805300000E+04   0.195395153429E+01
       1657   0.261529300000E+05   0.305277600000E+04   0.195579449875E+01
       1658   0.262908800000E+05   0.424806800000E+04   0.195284760761E+01
       1659   0.261970800000E+05   0.363639500000E+04   0.195365945281E+01
       1660   0.264610900000E+05   0.206641000000E+04   0.195172020691E+01
       1661   0.269127100000E+05   0.172178600000E+04   0.195471692541E+01
       1662   0.268939800000E+05   0.114744000000E+04   0.195455743729E+01
       1663   0.273874400000E+05   0.849662900000E+03   0.195554707958E+01
       1664   0.278757600000E+05   0.515233300000E+03   0.195516323535E+01
       1665   0.283737400000E+05   0.286133800000E+03   0.195457737588E+01
       1666   0.288768400000E+05   0.632674400000E+02   0.195311157992E+01
       1667   0.293863600000E+05  -0.269875700000E+03   0.195409862748E+01
       1668   0.299754600000E+05  -0.124971700000E+04   0.195661155610E+01
       1669   0.299095100000E+05  -0.662586700000E+03   0.195697245743E+01
       1670   0.305219600000E+05  -0.148786700000E+04   0.195791985650E+01
       1649   0.313039300000E+05  -0.278027200000E+04   0.195726754612E+01
       1671   0.311711400000E+05  -0.221355200000E+04   0.195784035304E+01
       1672   0.310560900000E+05  -0.163238000000E+04   0.195829644955E+01
       1673   0.317377600000E+05  -0.242212400000E+04   0.195885750919E+01
       1675   0.265954800000E+05   0.270334300000E+04   0.195591316469E+01
       1677   0.260720700000E+05   0.579143900000E+04   0.195795814154E+01
       1676   0.259101300000E+05   0.624411800000E+04   0.195858617516E+01
       1678   0.261175900000E+05   0.527046400000E+04   0.195629217028E+01
       1679   0.264661400000E+05   0.492552300000E+04   0.195467795392E+01
       1681   0.266837200000E+05   0.332375700000E+04   0.195437931949E+01
       1680   0.267761700000E+05   0.454490000000E+04   0.195333085276E+01
       1682   0.267123600000E+05   0.391961000000E+04   0.195265719894E+01
       1683   0.269804800000E+05   0.235041000000E+04   0.195549096779E+01
       1684   0.273244900000E+05   0.202885000000E+04   0.195690117119E+01
       1685   0.274459800000E+05   0.145838700000E+04   0.195661027630E+01
       1686   0.279210400000E+05   0.110451100000E+04   0.195525110310E+01
       1687   0.284075700000E+05   0.875440700000E+03   0.195361432737E+01
       1688   0.288976000000E+05   0.653898800000E+03   0.195091485161E+01
       1689   0.293872800000E+05   0.323468600000E+03   0.195400479181E+01
       1690   0.298867800000E+05  -0.607653100000E+02   0.195980468968E+01
       1691   0.304546100000E+05  -0.901077600000E+03   0.195797684672E+01
       1692   0.303510700000E+05  -0.368032200000E+03   0.195957529372E+01
       1693   0.309785500000E+05  -0.102353500000E+04   0.195843068145E+01
       1694   0.316268000000E+05  -0.183810700000E+04   0.195919972610E+01
       1695   0.314813300000E+05  -0.130157700000E+04   0.195932418192E+01
       1696   0.321550100000E+05  -0.190023600000E+04   0.195998667193E+01
       1674   0.322693300000E+05  -0.249574800000E+04   0.195936670455E+01
       1697   0.271127900000E+05   0.299463200000E+04   0.195522357005E+01
       1699   0.265213600000E+05   0.610134500000E+04   0.196001056015E+01
       1698   0.263567200000E+05   0.655652300000E+04   0.196100808698E+01
       1700   0.266580300000E+05   0.557786800000E+04   0.195818734934E+01
       1701   0.269794600000E+05   0.517483600000E+04   0.195658518320E+01
       1702   0.272272700000E+05   0.479274000000E+04   0.195554097153E+01
       1703   0.271940400000E+05   0.423451900000E+04   0.195337846152E+01
       1704   0.271811800000E+05   0.363125700000E+04   0.195351307327E+01
       1705   0.274867100000E+05   0.261928300000E+04   0.195709136087E+01
       1706   0.276851000000E+05   0.202797600000E+04   0.195700567535E+01
       1707   0.280105700000E+05   0.167063200000E+04   0.195554789995E+01
       1708   0.284774600000E+05   0.145916500000E+04   0.195275271178E+01
       1709   0.289533500000E+05   0.124012000000E+04   0.194912544181E+01
       1710   0.294260200000E+05   0.911156700000E+03   0.195301967750E+01
       1711   0.299079300000E+05   0.527686800000E+03   0.196111545735E+01
       1712   0.304127300000E+05   0.168316400000E+03   0.196097222289E+01
       1713   0.308991300000E+05  -0.366202400000E+03   0.195930715116E+01
       1714   0.314863800000E+05  -0.749069600000E+03   0.195998610012E+01
       1715   0.320704800000E+05  -0.128474800000E+04   0.196100232471E+01
       1716   0.275907700000E+05   0.331925200000E+04   0.195563883141E+01
       1718   0.269386300000E+05   0.644481400000E+04   0.196203476577E+01
       1717   0.267702600000E+05   0.688552200000E+04   0.196260397061E+01
       1719   0.271002400000E+05   0.598620800000E+04   0.196090178288E+01
       1720   0.273467400000E+05   0.559690300000E+04   0.195980839761E+01
       1721   0.275848500000E+05   0.517390600000E+04   0.195862261254E+01
       1722   0.276494900000E+05   0.458734900000E+04   0.195645603616E+01
       1723   0.276490300000E+05   0.397270200000E+04   0.195474559565E+01
       1726   0.279437300000E+05   0.301867900000E+04   0.195688172527E+01
       1725   0.278814200000E+05   0.247288900000E+04   0.195711973336E+01
       1727   0.281683000000E+05   0.222724900000E+04   0.195575762135E+01
       1728   0.285814300000E+05   0.203386000000E+04   0.195261013463E+01
       1729   0.290417700000E+05   0.181927600000E+04   0.194839218789E+01
       1730   0.294963900000E+05   0.149465000000E+04   0.195069779207E+01
       1731   0.299572100000E+05   0.111731900000E+04   0.195863321933E+01
       1732   0.304357300000E+05   0.759624500000E+03   0.196042850424E+01
       1733   0.309340000000E+05   0.295971000000E+03   0.196178852798E+01
       1734   0.314559800000E+05  -0.139507000000E+03   0.196163739132E+01
       1735   0.320180200000E+05  -0.650771200000E+03   0.196328868705E+01
       1736   0.280560300000E+05   0.368411500000E+04   0.195641853915E+01
       1737   0.273312300000E+05   0.679083100000E+04   0.196320335197E+01
       1724   0.271574200000E+05   0.722029800000E+04   0.196326038194E+01
       1738   0.275048800000E+05   0.634599000000E+04   0.196263676680E+01
       1739   0.277534400000E+05   0.596068700000E+04   0.196205881008E+01
       1740   0.279802100000E+05   0.553990300000E+04   0.196121045621E+01
       1741   0.280604500000E+05   0.496359600000E+04   0.195976351365E+01
       1742   0.280898700000E+05   0.433298200000E+04   0.195766817261E+01
       1744   0.277013200000E+05   0.713903900000E+04   0.196366042072E+01
       1743   0.275236200000E+05   0.755364000000E+04   0.196334105022E+01
       1745   0.283082100000E+05   0.278658000000E+04   0.195584716396E+01
       1746   0.284326700000E+05   0.338845700000E+04   0.195616889194E+01
       1747   0.287133700000E+05   0.260513300000E+04   0.195310330203E+01
       1748   0.291585600000E+05   0.238847800000E+04   0.194918941554E+01
       1749   0.295976500000E+05   0.206949500000E+04   0.194919920734E+01
       1750   0.300393500000E+05   0.169979300000E+04   0.195567621274E+01
       1751   0.304995600000E+05   0.135015700000E+04   0.195741651787E+01
       1752   0.309696600000E+05   0.910160000000E+03   0.196145663535E+01
       1753   0.314740400000E+05   0.483021400000E+03   0.196363709426E+01
       1754   0.320000000000E+05   0.000000000000E+00   0.196459941350E+01
       1755   0.285497800000E+05   0.405576800000E+04   0.195824873604E+01
       1756   0.278799700000E+05   0.670838500000E+04   0.196359466466E+01
       1757   0.281294900000E+05   0.633316500000E+04   0.196354309324E+01
       1758   0.283570300000E+05   0.591906000000E+04   0.196311733499E+01
       1759   0.284471100000E+05   0.534875400000E+04   0.196211511713E+01
       1760   0.284845100000E+05   0.471393700000E+04   0.196070801050E+01
       1761   0.278731600000E+05   0.788050800000E+04   0.196308551758E+01
       1762   0.280534100000E+05   0.748312300000E+04   0.196364747293E+01
       1763   0.282342000000E+05   0.706837600000E+04   0.196396382362E+01
       1764   0.288573900000E+05   0.316276200000E+04   0.195403984791E+01
       1765   0.290108000000E+05   0.370952800000E+04   0.195612258731E+01
       1766   0.293012000000E+05   0.294695900000E+04   0.195077568122E+01
       1767   0.297260300000E+05   0.263314900000E+04   0.194954928226E+01
       1768   0.301508500000E+05   0.227196800000E+04   0.195462073854E+01
       1769   0.305943200000E+05   0.193227200000E+04   0.195573126065E+01
       1770   0.310420500000E+05   0.150894700000E+04   0.195840963269E+01
       1771   0.315204900000E+05   0.110046800000E+04   0.196172527162E+01
       1772   0.320180200000E+05   0.650771200000E+03   0.196299731283E+01
       1774   0.289260400000E+05   0.456502600000E+04   0.196143613801E+01
       1773   0.291363500000E+05   0.419010400000E+04   0.195917585777E+01
       1775   0.284831700000E+05   0.670637300000E+04   0.196437456199E+01
       1776   0.287122500000E+05   0.630419900000E+04   0.196464744014E+01
       1777   0.288108700000E+05   0.574523300000E+04   0.196409941812E+01
       1778   0.288590200000E+05   0.512727200000E+04   0.196304659475E+01
       1783   0.285729200000E+05   0.742210400000E+04   0.196376855360E+01
       1784   0.288208000000E+05   0.707524000000E+04   0.196433766450E+01
       1785   0.294690700000E+05   0.349882600000E+04   0.195351544147E+01
       1786   0.296391200000E+05   0.406962600000E+04   0.195780621845E+01
       1787   0.298793600000E+05   0.318399800000E+04   0.195230830720E+01
       1788   0.302885900000E+05   0.283163000000E+04   0.195580651615E+01
       1789   0.307166000000E+05   0.250252100000E+04   0.195646834173E+01
       1790   0.311436300000E+05   0.209524100000E+04   0.195703682674E+01
       1791   0.315995700000E+05   0.170620100000E+04   0.195828744048E+01
       1792   0.320704800000E+05   0.128474800000E+04   0.195906222484E+01
       1793   0.294489300000E+05   0.460699000000E+04   0.196158303676E+01
       1794   0.292658100000E+05   0.497632100000E+04   0.196352653098E+01
       1795   0.290504400000E+05   0.668653800000E+04   0.196516633684E+01
       1796   0.291578800000E+05   0.614028400000E+04   0.196561118221E+01
       1797   0.292099700000E+05   0.553836000000E+04   0.196494026512E+01
       1808   0.300521600000E+05   0.371903900000E+04   0.195659205920E+01
       1807   0.299151700000E+05   0.460732900000E+04   0.196236957659E+01
       1809   0.302423100000E+05   0.423253000000E+04   0.196110864754E+01
       1810   0.304511900000E+05   0.337525100000E+04   0.195838522468E+01
       1811   0.308648400000E+05   0.305983300000E+04   0.195863647838E+01
       1812   0.312720500000E+05   0.266702900000E+04   0.195824207237E+01
       1813   0.317075500000E+05   0.229677600000E+04   0.195794459779E+01
       1814   0.321550100000E+05   0.190023600000E+04   0.195649433272E+01
       1816   0.297130900000E+05   0.508348100000E+04   0.196489226458E+01
       1817   0.295643700000E+05   0.541317100000E+04   0.196569741025E+01
       1818   0.294920700000E+05   0.652911500000E+04   0.196542223498E+01
       1804   0.293751000000E+05   0.706232000000E+04   0.196371868181E+01
       1819   0.295665500000E+05   0.594835000000E+04   0.196624704469E+01
       1828   0.301505000000E+05   0.511636500000E+04   0.196546608180E+01
       1829   0.304677500000E+05   0.473875700000E+04   0.196378901387E+01
       1830   0.306375800000E+05   0.389764300000E+04   0.196063305805E+01
       1831   0.307650500000E+05   0.438048100000E+04   0.196262675696E+01
       1832   0.310395700000E+05   0.360535800000E+04   0.196086275468E+01
       1833   0.314260400000E+05   0.322219500000E+04   0.196077914342E+01
       1834   0.318427400000E+05   0.286957600000E+04   0.196023111554E+01
       1835   0.322693300000E+05   0.249574800000E+04   0.195784468585E+01
       1839   0.299847600000E+05   0.567833900000E+04   0.196697403503E+01
       1826   0.298098300000E+05   0.690450800000E+04   0.196287454818E+01
       1840   0.299435300000E+05   0.629916000000E+04   0.196550033139E+01
       1841   0.304319500000E+05   0.552708500000E+04   0.196569545451E+01
       1849   0.307188800000E+05   0.520706400000E+04   0.196395892574E+01
       1850   0.310231400000E+05   0.479671900000E+04   0.196330356819E+01
       1851   0.312216400000E+05   0.418460700000E+04   0.196276843557E+01
       1852   0.315985000000E+05   0.376232300000E+04   0.196342398927E+01
       1853   0.320029100000E+05   0.342346600000E+04   0.196340720670E+01
       1854   0.324112400000E+05   0.306998000000E+04   0.196154866485E+01
       1859   0.305185700000E+05   0.604716200000E+04   0.196475764181E+01
       1860   0.309605100000E+05   0.568970100000E+04   0.196269842940E+01
       1867   0.312525200000E+05   0.527213200000E+04   0.196222271563E+01
       1868   0.314924200000E+05   0.471779800000E+04   0.196351070437E+01
       1869   0.317964500000E+05   0.427447500000E+04   0.196469082378E+01
       1870   0.321872600000E+05   0.395555800000E+04   0.196552206073E+01
       1871   0.325785700000E+05   0.362179400000E+04   0.196488976872E+01
       1885   0.323934200000E+05   0.446697900000E+04   0.196554946595E+01
       1884   0.320230900000E+05   0.476957400000E+04   0.196414045343E+01
       1886   0.327692200000E+05   0.415020000000E+04   0.196601047810E+01
       1901   0.329811100000E+05   0.465435100000E+04   0.196485860340E+01
       2494   0.502736800000E+05   0.100531600000E+05   0.200028923824E+01
       2499   0.502736800000E+05   0.101687700000E+05   0.200031063696E+01
       2495   0.501052600000E+05   0.101649100000E+05   0.200034752209E+01
       2498   0.504421100000E+05   0.100589500000E+05   0.200033984522E+01
       2503   0.504421100000E+05   0.101726300000E+05   0.200036550371E+01
       2504   0.502736800000E+05   0.102843900000E+05   0.200023917024E+01
       2500   0.501052600000E+05   0.102824600000E+05   0.200029757487E+01
       2505   0.501052600000E+05   0.104000000000E+05   0.200022530461E+01
       2501   0.499368400000E+05   0.104000000000E+05   0.200033024396E+01
       2502   0.506105300000E+05   0.100647400000E+05   0.200039581153E+01
       2507   0.506105300000E+05   0.101764900000E+05   0.200042611808E+01
       2508   0.504421100000E+05   0.102863200000E+05   0.200027216769E+01
       2509   0.502736800000E+05   0.104000000000E+05   0.200015186771E+01
       2506   0.507789500000E+05   0.100705300000E+05   0.200039215375E+01
       2511   0.507789500000E+05   0.101803500000E+05   0.200042662916E+01
       2512   0.506105300000E+05   0.102882500000E+05   0.200032786955E+01
       2513   0.504421100000E+05   0.104000000000E+05   0.200016924993E+01
       2510   0.509473700000E+05   0.100763200000E+05   0.200031333207E+01
       2515   0.509473700000E+05   0.101842100000E+05   0.200034815098E+01
       2516   0.507789500000E+05   0.102901800000E+05   0.200033352647E+01
       2517   0.506105300000E+05   0.104000000000E+05   0.200021223800E+01
       2514   0.511157900000E+05   0.100821100000E+05   0.200020298876E+01
       2519   0.511157900000E+05   0.101880700000E+05   0.200023393427E+01
       2520   0.509473700000E+05   0.102921100000E+05   0.200026184646E+01
       2521   0.507789500000E+05   0.104000000000E+05   0.200021365993E+01
       2518   0.512842100000E+05   0.100878900000E+05   0.200010437581E+01
       2523   0.512842100000E+05   0.101919300000E+05   0.200013667908E+01
       2524   0.511157900000E+05   0.102940400000E+05   0.200015462754E+01
       2525   0.509473700000E+05   0.104000000000E+05   0.200014347324E+01
       2522   0.514526300000E+05   0.100936800000E+05   0.200001654543E+01
       2527   0.514526300000E+05   0.101957900000E+05   0.200005168961E+01
       2528   0.512842100000E+05   0.102959600000E+05   0.200005601802E+01
       2529   0.511157900000E+05   0.104000000000E+05   0.200003549212E+01
       2526   0.516210500000E+05   0.100994700000E+05   0.199992638897E+01
       2531   0.516210500000E+05   0.101996500000E+05   0.199996453482E+01
       2532   0.514526300000E+05   0.102978900000E+05   0.199996814533E+01
       2533   0.512842100000E+05   0.104000000000E+05   0.199993192596E+01
       2530   0.517894700000E+05   0.101052600000E+05   0.199983984094E+01
       2535   0.517894700000E+05   0.102035100000E+05   0.199988219510E+01
       2536   0.516210500000E+05   0.102998200000E+05   0.199987944939E+01
       2537   0.514526300000E+05   0.104000000000E+05   0.199984094672E+01
       2534   0.519578900000E+05   0.101110500000E+05   0.199975777970E+01
       2539   0.519578900000E+05   0.102073700000E+05   0.199980679710E+01
       2540   0.517894700000E+05   0.103017500000E+05   0.199979365075E+01
       2541   0.516210500000E+05   0.104000000000E+05   0.199974890496E+01
       2538   0.521263200000E+05   0.101168400000E+05   0.199966572240E+01
       2543   0.521263200000E+05   0.102112300000E+05   0.199971968525E+01
       2544   0.519578900000E+05   0.103036800000E+05   0.199971472386E+01
       2545   0.517894700000E+05   0.104000000000E+05   0.199966131210E+01
       2542   0.522947400000E+05   0.101226300000E+05   0.199956380648E+01
       2547   0.522947400000E+05   0.102150900000E+05   0.199961544538E+01
       2548   0.521263200000E+05   0.103056100000E+05   0.199962587812E+01
       2549   0.519578900000E+05   0.104000000000E+05   0.199958760947E+01
       2546   0.524631600000E+05   0.101284200000E+05   0.199945963198E+01
       2551   0.524631600000E+05   0.102189500000E+05   0.199950529083E+01
       2552   0.522947400000E+05   0.103075400000E+05   0.199952433475E+01
       2553   0.521263200000E+05   0.104000000000E+05   0.199950466066E+01
       2550   0.526315800000E+05   0.101342100000E+05   0.199935451541E+01
       2555   0.526315800000E+05   0.102228100000E+05   0.199939477648E+01
       2556   0.524631600000E+05   0.103094700000E+05   0.199941969195E+01
       2557   0.522947400000E+05   0.104000000000E+05   0.199940638096E+01
       2554   0.528000000000E+05   0.101400000000E+05   0.199924015819E+01
       2559   0.528000000000E+05   0.102266700000E+05   0.199927835260E+01
       2560   0.526315800000E+05   0.103114000000E+05   0.199931298581E+01
       2561   0.524631600000E+05   0.104000000000E+05   0.199929960919E+01
       2558   0.529684200000E+05   0.101457900000E+05   0.199911185899E+01
       2563   0.529684200000E+05   0.102305300000E+05   0.199914746102E+01
       2564   0.528000000000E+05   0.103133300000E+05   0.199919643469E+01
       2565   0.526315800000E+05   0.104000000000E+05   0.199918999612E+01
       2562   0.531368400000E+05   0.101515800000E+05   0.199896233213E+01
       2567   0.531368400000E+05   0.102343900000E+05   0.199899550936E+01
       2568   0.529684200000E+05   0.103152600000E+05   0.199906310841E+01
       2569   0.528000000000E+05   0.104000000000E+05   0.199907196201E+01
       2566   0.533052600000E+05   0.101573700000E+05   0.199879601328E+01
       2571   0.533052600000E+05   0.102382500000E+05   0.199882524221E+01
       2572   0.531368400000E+05   0.103171900000E+05   0.199891044368E+01
       2573   0.529684200000E+05   0.104000000000E+05   0.199894125727E+01
       2570   0.534736800000E+05   0.101631600000E+05   0.199861831968E+01
       2575   0.534736800000E+05   0.102421100000E+05   0.199864263792E+01
       2576   0.533052600000E+05   0.103191200000E+05   0.199874139267E+01
       2577   0.531368400000E+05   0.104000000000E+05   0.199879445943E+01
       2574   0.536421100000E+05   0.101689500000E+05   0.199843711322E+01
       2579   0.536421100000E+05   0.102459600000E+05   0.199845518109E+01
       2580   0.534736800000E+05   0.103210500000E+05   0.199856100089E+01
       2581   0.533052600000E+05   0.104000000000E+05   0.199863182727E+01
       2578   0.538105300000E+05   0.101747400000E+05   0.199825190308E+01
       2583   0.538105300000E+05   0.102498200000E+05   0.199826328704E+01
       2584   0.536421100000E+05   0.103229800000E+05   0.199837507558E+01
       2585   0.534736800000E+05   0.104000000000E+05   0.199845560828E+01
       2582   0.539789500000E+05   0.101805300000E+05   0.199806047190E+01
       2587   0.539789500000E+05   0.102536800000E+05   0.199806632549E+01
       2588   0.538105300000E+05   0.103249100000E+05   0.199818363342E+01
       2589   0.536421100000E+05   0.104000000000E+05   0.199827036126E+01
       2586   0.541473700000E+05   0.101863200000E+05   0.199786114949E+01
       2591   0.541473700000E+05   0.102575400000E+05   0.199786303545E+01
       2592   0.539789500000E+05   0.103268400000E+05   0.199798682255E+01
       2593   0.538105300000E+05   0.104000000000E+05   0.199808247312E+01
       2590   0.543157900000E+05   0.101921100000E+05   0.199767106641E+01
       2595   0.543157900000E+05   0.102614000000E+05   0.199766876230E+01
       2596   0.541473700000E+05   0.103287700000E+05   0.199778418054E+01
       2597   0.539789500000E+05   0.104000000000E+05   0.199788903929E+01
       2601   0.541473700000E+05   0.104000000000E+05   0.199768964462E+01
