         367           8
          1   0.560000000000E+05  -0.104000000000E+05   0.200135003534E+01
          3   0.560000000000E+05  -0.103500000000E+05   0.200131660663E+01
          2   0.558315800000E+05  -0.104000000000E+05   0.200131112065E+01
          5   0.558315800000E+05  -0.103480700000E+05   0.200134051349E+01
          4   0.556631600000E+05  -0.104000000000E+05   0.200118987768E+01
          6   0.560000000000E+05  -0.103000000000E+05   0.200129554263E+01
          8   0.556631600000E+05  -0.103461400000E+05   0.200120178859E+01
          7   0.554947400000E+05  -0.104000000000E+05   0.200126046438E+01
          9   0.558315800000E+05  -0.102961400000E+05   0.200137220017E+01
         10   0.560000000000E+05  -0.102500000000E+05   0.200128309427E+01
         12   0.554947400000E+05  -0.103442100000E+05   0.200137043585E+01
         11   0.553263200000E+05  -0.104000000000E+05   0.200167079143E+01
         13   0.556631600000E+05  -0.102922800000E+05   0.200120447435E+01
         14   0.558315800000E+05  -0.102442100000E+05   0.200140019000E+01
         16   0.553263200000E+05  -0.103422800000E+05   0.200163200399E+01
         15   0.551578900000E+05  -0.104000000000E+05   0.200093799720E+01
         17   0.554947400000E+05  -0.102884200000E+05   0.200136662819E+01
         18   0.556631600000E+05  -0.102384200000E+05   0.200121972902E+01
         20   0.551578900000E+05  -0.103403500000E+05   0.200098525881E+01
         19   0.549894700000E+05  -0.104000000000E+05   0.200137841892E+01
         21   0.553263200000E+05  -0.102845600000E+05   0.200158282153E+01
         22   0.554947400000E+05  -0.102326300000E+05   0.200137376177E+01
         24   0.549894700000E+05  -0.103384200000E+05   0.200139472933E+01
         23   0.548210500000E+05  -0.104000000000E+05   0.200136448738E+01
         25   0.551578900000E+05  -0.102807000000E+05   0.200097428952E+01
         26   0.553263200000E+05  -0.102268400000E+05   0.200157239914E+01
         28   0.548210500000E+05  -0.103364900000E+05   0.200136889861E+01
         27   0.546526300000E+05  -0.104000000000E+05   0.200127158874E+01
         29   0.549894700000E+05  -0.102768400000E+05   0.200135733145E+01
         30   0.551578900000E+05  -0.102210500000E+05   0.200095274348E+01
         32   0.546526300000E+05  -0.103345600000E+05   0.200126943255E+01
         31   0.544842100000E+05  -0.104000000000E+05   0.200119443955E+01
         33   0.548210500000E+05  -0.102729800000E+05   0.200128462769E+01
         34   0.549894700000E+05  -0.102152600000E+05   0.200130923979E+01
         36   0.544842100000E+05  -0.103326300000E+05   0.200118712311E+01
         35   0.543157900000E+05  -0.104000000000E+05   0.200109640770E+01
         37   0.546526300000E+05  -0.102691200000E+05   0.200120896687E+01
         38   0.548210500000E+05  -0.102094700000E+05   0.200123524069E+01
         40   0.543157900000E+05  -0.103307000000E+05   0.200113040939E+01
         39   0.541473700000E+05  -0.104000000000E+05   0.200138890050E+01
         41   0.544842100000E+05  -0.102652600000E+05   0.200114596741E+01
         42   0.546526300000E+05  -0.102036800000E+05   0.200115955998E+01
         44   0.541473700000E+05  -0.103287700000E+05   0.200142136061E+01
         43   0.539789500000E+05  -0.104000000000E+05   0.200113166825E+01
         45   0.543157900000E+05  -0.102614000000E+05   0.200114564147E+01
         46   0.544842100000E+05  -0.101978900000E+05   0.200109935950E+01
         48   0.539789500000E+05  -0.103268400000E+05   0.200114569076E+01
         47   0.538105300000E+05  -0.104000000000E+05   0.200109020056E+01
         49   0.541473700000E+05  -0.102575400000E+05   0.200131475140E+01
         50   0.543157900000E+05  -0.101921100000E+05   0.200104519199E+01
         52   0.538105300000E+05  -0.103249100000E+05   0.200109166102E+01
         51   0.536421100000E+05  -0.104000000000E+05   0.200115174980E+01
         53   0.539789500000E+05  -0.102536800000E+05   0.200101967520E+01
         54   0.541473700000E+05  -0.101863200000E+05   0.200123134592E+01
         56   0.536421100000E+05  -0.103229800000E+05   0.200120017579E+01
         55   0.534736800000E+05  -0.104000000000E+05   0.200129505574E+01
         57   0.538105300000E+05  -0.102498200000E+05   0.200105717676E+01
         58   0.539789500000E+05  -0.101805300000E+05   0.200093656848E+01
         60   0.534736800000E+05  -0.103210500000E+05   0.200134067000E+01
         59   0.533052600000E+05  -0.104000000000E+05   0.200141581889E+01
         61   0.536421100000E+05  -0.102459600000E+05   0.200115023182E+01
         62   0.538105300000E+05  -0.101747400000E+05   0.200095870590E+01
         64   0.533052600000E+05  -0.103191200000E+05   0.200147216944E+01
         63   0.531368400000E+05  -0.104000000000E+05   0.200157433130E+01
         65   0.534736800000E+05  -0.102421100000E+05   0.200129005565E+01
         66   0.536421100000E+05  -0.101689500000E+05   0.200104265271E+01
         68   0.531368400000E+05  -0.103171900000E+05   0.200163281165E+01
         67   0.529684200000E+05  -0.104000000000E+05   0.200168334251E+01
         69   0.533052600000E+05  -0.102382500000E+05   0.200143141611E+01
         70   0.534736800000E+05  -0.101631600000E+05   0.200117464653E+01
         72   0.529684200000E+05  -0.103152600000E+05   0.200174315726E+01
         71   0.528000000000E+05  -0.104000000000E+05   0.200173091441E+01
         73   0.531368400000E+05  -0.102343900000E+05   0.200159764323E+01
         74   0.533052600000E+05  -0.101573700000E+05   0.200131486842E+01
         76   0.528000000000E+05  -0.103133300000E+05   0.200178552114E+01
         75   0.526315800000E+05  -0.104000000000E+05   0.200176947658E+01
         77   0.529684200000E+05  -0.102305300000E+05   0.200168806650E+01
         78   0.531368400000E+05  -0.101515800000E+05   0.200147507804E+01
         80   0.526315800000E+05  -0.103114000000E+05   0.200182308200E+01
         79   0.524631600000E+05  -0.104000000000E+05   0.200185960174E+01
         81   0.528000000000E+05  -0.102266700000E+05   0.200171072390E+01
         82   0.529684200000E+05  -0.101457900000E+05   0.200156022250E+01
         84   0.524631600000E+05  -0.103094700000E+05   0.200192035189E+01
         83   0.522947400000E+05  -0.104000000000E+05   0.200199449731E+01
         85   0.526315800000E+05  -0.102228100000E+05   0.200175295865E+01
         86   0.528000000000E+05  -0.101400000000E+05   0.200157536970E+01
         88   0.522947400000E+05  -0.103075400000E+05   0.200206761449E+01
         87   0.521263200000E+05  -0.104000000000E+05   0.200212318197E+01
         89   0.524631600000E+05  -0.102189500000E+05   0.200185781785E+01
         90   0.526315800000E+05  -0.101342100000E+05   0.200161798650E+01
         92   0.521263200000E+05  -0.103056100000E+05   0.200219674754E+01
         91   0.519578900000E+05  -0.104000000000E+05   0.200219371498E+01
         93   0.522947400000E+05  -0.102150900000E+05   0.200200538887E+01
         94   0.524631600000E+05  -0.101284200000E+05   0.200172579968E+01
         96   0.519578900000E+05  -0.103036800000E+05   0.200225331513E+01
         95   0.517894700000E+05  -0.104000000000E+05   0.200222669971E+01
         97   0.521263200000E+05  -0.102112300000E+05   0.200211870326E+01
         98   0.522947400000E+05  -0.101226300000E+05   0.200187279589E+01
        100   0.517894700000E+05  -0.103017500000E+05   0.200227289359E+01
         99   0.516210500000E+05  -0.104000000000E+05   0.200227956786E+01
        101   0.519578900000E+05  -0.102073700000E+05   0.200215084247E+01
        102   0.521263200000E+05  -0.101168400000E+05   0.200197879838E+01
        104   0.516210500000E+05  -0.102998200000E+05   0.200232029304E+01
        103   0.514526300000E+05  -0.104000000000E+05   0.200233808472E+01
        105   0.517894700000E+05  -0.102035100000E+05   0.200217092529E+01
        106   0.519578900000E+05  -0.101110500000E+05   0.200201504123E+01
        108   0.514526300000E+05  -0.102978900000E+05   0.200237858156E+01
        107   0.512842100000E+05  -0.104000000000E+05   0.200238802913E+01
        109   0.516210500000E+05  -0.101996500000E+05   0.200223744143E+01
        110   0.517894700000E+05  -0.101052600000E+05   0.200204489931E+01
        112   0.512842100000E+05  -0.102959600000E+05   0.200243239052E+01
        111   0.511157900000E+05  -0.104000000000E+05   0.200247839082E+01
        113   0.514526300000E+05  -0.101957900000E+05   0.200231811392E+01
        114   0.516210500000E+05  -0.100994700000E+05   0.200212128941E+01
        116   0.511157900000E+05  -0.102940400000E+05   0.200253010319E+01
        115   0.509473700000E+05  -0.104000000000E+05   0.200256840788E+01
        117   0.512842100000E+05  -0.101919300000E+05   0.200238610498E+01
        118   0.514526300000E+05  -0.100936800000E+05   0.200220795283E+01
        120   0.509473700000E+05  -0.102921100000E+05   0.200261056339E+01
        119   0.507789500000E+05  -0.104000000000E+05   0.200260629871E+01
        121   0.511157900000E+05  -0.101880700000E+05   0.200246992133E+01
        122   0.512842100000E+05  -0.100878900000E+05   0.200227187538E+01
        124   0.507789500000E+05  -0.102901800000E+05   0.200264333108E+01
        123   0.506105300000E+05  -0.104000000000E+05   0.200266465375E+01
        125   0.509473700000E+05  -0.101842100000E+05   0.200251405856E+01
        126   0.511157900000E+05  -0.100821100000E+05   0.200235650107E+01
        128   0.506105300000E+05  -0.102882500000E+05   0.200270897895E+01
        127   0.504421100000E+05  -0.104000000000E+05   0.200279373425E+01
        129   0.507789500000E+05  -0.101803500000E+05   0.200252705119E+01
        130   0.509473700000E+05  -0.100763200000E+05   0.200239794620E+01
        133   0.506105300000E+05  -0.101764900000E+05   0.200259870304E+01
        132   0.504421100000E+05  -0.102863200000E+05   0.200282084408E+01
        134   0.507789500000E+05  -0.100705300000E+05   0.200241323487E+01
        773   0.107398700000E+05   0.686023600000E+04   0.190696782286E+01
        809   0.116850400000E+05   0.662434200000E+04   0.191038816758E+01
        807   0.114487200000E+05   0.748447700000E+04   0.191421719825E+01
        808   0.109659200000E+05   0.602528400000E+04   0.190342100878E+01
        849   0.130243100000E+05   0.787590300000E+04   0.192010485530E+01
        806   0.121260800000E+05   0.811877900000E+04   0.191915694320E+01
        850   0.123639100000E+05   0.725187900000E+04   0.191588827059E+01
        847   0.127952700000E+05   0.873740200000E+04   0.192197004536E+01
        851   0.118829800000E+05   0.573614000000E+04   0.190699046170E+01
        852   0.125676800000E+05   0.635433400000E+04   0.191276651856E+01
        816   0.111362300000E+05   0.515930100000E+04   0.190045334444E+01
        859   0.121853500000E+05   0.495110300000E+04   0.190564731624E+01
        817   0.122079600000E+05   0.211689300000E+04   0.189446169995E+01
        854   0.128858000000E+05   0.164681400000E+04   0.189798548848E+01
        860   0.129447800000E+05   0.261347200000E+04   0.190062955048E+01
        818   0.114417300000E+05   0.440970200000E+04   0.189964819750E+01
        861   0.125244200000E+05   0.417017100000E+04   0.190343285255E+01
        820   0.123343700000E+05   0.313427200000E+04   0.189868450112E+01
        862   0.130306900000E+05   0.353281500000E+04   0.190335680947E+01
        848   0.134776600000E+05   0.931581400000E+04   0.192378742838E+01
        893   0.136899000000E+05   0.847070700000E+04   0.192277282156E+01
        894   0.143813000000E+05   0.900990300000E+04   0.192457191652E+01
        892   0.141947100000E+05   0.982173100000E+04   0.192517317524E+01
        896   0.132208900000E+05   0.697899000000E+04   0.191754674528E+01
        895   0.138651500000E+05   0.758720600000E+04   0.192116508606E+01
        897   0.128646100000E+05   0.555907200000E+04   0.191092961930E+01
        898   0.135113400000E+05   0.617804700000E+04   0.191582175720E+01
        863   0.135950600000E+05   0.216761200000E+04   0.190374386572E+01
        901   0.137250900000E+05   0.133018500000E+04   0.190333535421E+01
        855   0.130025100000E+05   0.837883600000E+03   0.189689976173E+01
        902   0.138995300000E+05   0.572529600000E+03   0.190332767626E+01
        857   0.131172400000E+05   0.152640100000E+03   0.189678905142E+01
        903   0.137229500000E+05  -0.239360500000E+03   0.190083396116E+01
        904   0.141270700000E+05  -0.830719500000E+03   0.190307149520E+01
        858   0.133263500000E+05  -0.106540200000E+04   0.189677427558E+01
        905   0.132280000000E+05   0.484400000000E+04   0.190934180960E+01
        906   0.136467300000E+05   0.316747200000E+04   0.190559214633E+01
        907   0.135757100000E+05   0.413879100000E+04   0.190775214831E+01
        908   0.142573500000E+05   0.272219100000E+04   0.190819406873E+01
        909   0.143899400000E+05   0.186711000000E+04   0.190803453635E+01
        945   0.151937100000E+05   0.948426400000E+04   0.192581423557E+01
        944   0.149649300000E+05   0.102044500000E+05   0.192584391502E+01
        946   0.145201700000E+05   0.814026400000E+04   0.192352335776E+01
        947   0.151331300000E+05   0.866208800000E+04   0.192505795780E+01
        948   0.147858400000E+05   0.736570700000E+04   0.192239449559E+01
        949   0.141455900000E+05   0.679073200000E+04   0.191941507996E+01
        950   0.138762400000E+05   0.545820100000E+04   0.191433847316E+01
        951   0.144950600000E+05   0.607050600000E+04   0.191746525927E+01
        899   0.140383800000E+05  -0.148714500000E+04   0.190145357637E+01
        952   0.148125400000E+05  -0.126384800000E+04   0.190721668863E+01
        900   0.145593100000E+05  -0.203824300000E+04   0.190433169719E+01
        953   0.154045800000E+05  -0.182383000000E+04   0.190955989910E+01
        954   0.146116300000E+05   0.109352200000E+04   0.190870755414E+01
        955   0.146601100000E+05   0.285475800000E+03   0.190803639280E+01
        956   0.147483600000E+05  -0.413824300000E+03   0.190790967377E+01
        957   0.142188400000E+05   0.472129600000E+04   0.191283854650E+01
        958   0.142897300000E+05   0.377048800000E+04   0.191025170757E+01
        959   0.148638400000E+05   0.330365300000E+04   0.191245124411E+01
        960   0.150146100000E+05   0.243270800000E+04   0.191220832009E+01
        961   0.152360700000E+05   0.165268200000E+04   0.191249387087E+01
        996   0.157859100000E+05   0.103915200000E+05   0.192618371782E+01
        997   0.160193200000E+05   0.967554300000E+04   0.192683330215E+01
        998   0.159528600000E+05   0.885165900000E+04   0.192644484077E+01
        999   0.154275200000E+05   0.797764700000E+04   0.192482196489E+01
       1001   0.151404300000E+05   0.664479500000E+04   0.192069193251E+01
       1000   0.157136500000E+05   0.723010900000E+04   0.192433626865E+01
       1002   0.148207000000E+05   0.532287100000E+04   0.191585501712E+01
       1003   0.154219700000E+05   0.592879700000E+04   0.191862076686E+01
       1004   0.154640800000E+05  -0.877004000000E+03   0.191112922362E+01
       1005   0.160302200000E+05  -0.144387300000E+04   0.191304753975E+01
        972   0.160024000000E+05  -0.239225900000E+04   0.191115731502E+01
       1006   0.153905200000E+05   0.801503000000E+03   0.191269034005E+01
       1007   0.154898300000E+05  -0.206473000000E+02   0.191259661192E+01
       1008   0.149947700000E+05   0.437562800000E+04   0.191517495077E+01
       1009   0.154504500000E+05   0.377269300000E+04   0.191644952914E+01
       1010   0.156105600000E+05   0.299341100000E+04   0.191607391138E+01
       1011   0.158392000000E+05   0.222838700000E+04   0.191621601530E+01
       1012   0.159598900000E+05   0.136235900000E+04   0.191554335253E+01
       1023   0.166301000000E+05  -0.194696600000E+04   0.191412624833E+01
       1046   0.166087500000E+05   0.103317500000E+05   0.192696991103E+01
       1047   0.167260700000E+05   0.948356700000E+04   0.192775666279E+01
       1048   0.167866700000E+05   0.868902200000E+04   0.192813144205E+01
       1049   0.162334600000E+05   0.803109200000E+04   0.192663687833E+01
       1051   0.161813800000E+05   0.645931000000E+04   0.192456009971E+01
       1050   0.164664000000E+05   0.728433400000E+04   0.192619991937E+01
       1052   0.155805000000E+05   0.503220700000E+04   0.191617322189E+01
       1053   0.160814300000E+05   0.559014400000E+04   0.192131433885E+01
       1054   0.162033300000E+05  -0.482185400000E+03   0.191569385883E+01
       1024   0.166361500000E+05  -0.114281600000E+04   0.191610232779E+01
       1055   0.161959800000E+05   0.460318700000E+03   0.191620752825E+01
       1056   0.160575100000E+05   0.432418600000E+04   0.191732100376E+01
       1057   0.161217100000E+05   0.355055900000E+04   0.191896448777E+01
       1058   0.164721300000E+05   0.279240100000E+04   0.191988709339E+01
       1059   0.165500600000E+05   0.188947000000E+04   0.191892536664E+01
       1060   0.166232400000E+05   0.112419200000E+04   0.191823848496E+01
       1071   0.172854600000E+05  -0.214039500000E+04   0.191629475764E+01
       1072   0.172716900000E+05  -0.137940300000E+04   0.191810740135E+01
       1073   0.171437800000E+05  -0.667079900000E+03   0.191895333594E+01
       1094   0.173715300000E+05   0.100602300000E+05   0.192805712943E+01
       1095   0.174513800000E+05   0.918808100000E+04   0.192908459074E+01
       1096   0.174995000000E+05   0.834357700000E+04   0.192953230232E+01
       1097   0.169837400000E+05   0.783369500000E+04   0.192810298878E+01
       1098   0.170666300000E+05   0.694362000000E+04   0.192764810505E+01
       1100   0.167565100000E+05   0.565336100000E+04   0.192646901600E+01
       1099   0.170180400000E+05   0.626279700000E+04   0.192741822494E+01
       1101   0.164831600000E+05   0.495451000000E+04   0.192046230575E+01
       1102   0.169620200000E+05  -0.916729900000E+01   0.191895884791E+01
       1103   0.171370400000E+05   0.657538600000E+03   0.191983316490E+01
       1105   0.168887000000E+05   0.369486000000E+04   0.192097689267E+01
       1104   0.170964900000E+05   0.444947000000E+04   0.192145944724E+01
       1106   0.171821300000E+05   0.288883000000E+04   0.192235719351E+01
       1107   0.171804000000E+05   0.215238600000E+04   0.192134479683E+01
       1108   0.172490500000E+05   0.137456100000E+04   0.192070164051E+01
       1118   0.179639500000E+05  -0.169592800000E+04   0.192021535297E+01
       1117   0.179985700000E+05  -0.241418200000E+04   0.191859664537E+01
       1119   0.179272000000E+05  -0.990050000000E+03   0.192130347458E+01
       1120   0.178544100000E+05  -0.319408000000E+03   0.192177461208E+01
       1147   0.180567300000E+05   0.965883300000E+04   0.192958492885E+01
       1148   0.181059900000E+05   0.876431400000E+04   0.193063970478E+01
       1149   0.181229500000E+05   0.789608900000E+04   0.193142832208E+01
       1150   0.176511000000E+05   0.740956700000E+04   0.192992213887E+01
       1151   0.177369200000E+05   0.653832600000E+04   0.193018207183E+01
       1152   0.175820800000E+05   0.580274300000E+04   0.192909870956E+01
       1153   0.173662700000E+05   0.512422900000E+04   0.192743575219E+01
       1154   0.178527200000E+05   0.310213700000E+03   0.192194363725E+01
       1155   0.179160000000E+05   0.984547400000E+03   0.192225060537E+01
       1157   0.177742900000E+05   0.402448900000E+04   0.192314273561E+01
       1156   0.179940700000E+05   0.469132900000E+04   0.192643271501E+01
       1158   0.176866800000E+05   0.333305100000E+04   0.192357888826E+01
       1159   0.178120100000E+05   0.250637500000E+04   0.192323381372E+01
       1160   0.178877500000E+05   0.172474700000E+04   0.192260560172E+01
       1168   0.186580200000E+05  -0.206751000000E+04   0.192263084729E+01
       1169   0.186443600000E+05  -0.136592300000E+04   0.192372696846E+01
       1170   0.186158300000E+05  -0.679577400000E+03   0.192414809387E+01
       1171   0.186146800000E+05  -0.207079600000E+01   0.192409024997E+01
       1207   0.186780400000E+05   0.919070200000E+04   0.193124883091E+01
       1208   0.187082200000E+05   0.830557700000E+04   0.193242664141E+01
       1209   0.187055800000E+05   0.754113500000E+04   0.193309116494E+01
       1210   0.183417800000E+05   0.695106800000E+04   0.193227265634E+01
       1211   0.183308400000E+05   0.608028100000E+04   0.193167175507E+01
       1212   0.181919100000E+05   0.536329600000E+04   0.193000223674E+01
       1213   0.186124400000E+05   0.673083900000E+03   0.192376166684E+01
       1214   0.185659400000E+05   0.139389100000E+04   0.192355129260E+01
       1215   0.187936500000E+05   0.492466300000E+04   0.192791636244E+01
       1216   0.186223500000E+05   0.427264800000E+04   0.192532647482E+01
       1217   0.184371100000E+05   0.363681600000E+04   0.192470756810E+01
       1218   0.183410800000E+05   0.295175300000E+04   0.192422872833E+01
       1219   0.184766100000E+05   0.215211600000E+04   0.192370603996E+01
       1227   0.193224200000E+05  -0.107213800000E+04   0.192695903261E+01
       1228   0.193051700000E+05  -0.389882500000E+03   0.192658063890E+01
       1229   0.193398200000E+05   0.340593200000E+03   0.192590133571E+01
       1260   0.192542300000E+05   0.869287000000E+04   0.193307657001E+01
       1261   0.192860000000E+05   0.780799100000E+04   0.193413833914E+01
       1262   0.191652300000E+05   0.703597500000E+04   0.193434915328E+01
       1263   0.189540800000E+05   0.639330800000E+04   0.193335050104E+01
       1264   0.189210400000E+05   0.562214100000E+04   0.193169181509E+01
       1265   0.192435800000E+05   0.109020800000E+04   0.192478607192E+01
       1266   0.191438400000E+05   0.182506800000E+04   0.192426355811E+01
       1268   0.194006000000E+05   0.451035700000E+04   0.192660876447E+01
       1267   0.195000400000E+05   0.518396300000E+04   0.192988583048E+01
       1269   0.192486200000E+05   0.387641900000E+04   0.192570004709E+01
       1270   0.190734500000E+05   0.325650000000E+04   0.192488012879E+01
       1271   0.189944900000E+05   0.259218000000E+04   0.192433874925E+01
       1280   0.199884800000E+05  -0.217067900000E+03   0.192920152389E+01
       1275   0.199158700000E+05   0.859450000000E+03   0.192700661331E+01
       1281   0.200634100000E+05   0.296253800000E+03   0.192868613293E+01
       1310   0.198011700000E+05   0.818720500000E+04   0.193507072470E+01
       1311   0.198219900000E+05   0.731318400000E+04   0.193579119793E+01
       1312   0.197293100000E+05   0.657285300000E+04   0.193511406431E+01
       1313   0.195319900000E+05   0.594503400000E+04   0.193359742254E+01
       1315   0.198128900000E+05   0.154359100000E+04   0.192562248213E+01
       1316   0.196457700000E+05   0.227382500000E+04   0.192482725783E+01
       1317   0.201002300000E+05   0.477747400000E+04   0.192862122827E+01
       1314   0.200141400000E+05   0.548917900000E+04   0.193261209405E+01
       1318   0.200108400000E+05   0.412992500000E+04   0.192693197876E+01
       1319   0.198753200000E+05   0.351592000000E+04   0.192573340159E+01
       1320   0.197145200000E+05   0.291421900000E+04   0.192503658974E+01
       1325   0.206264600000E+05   0.648666700000E+03   0.193008883409E+01
       1324   0.204809900000E+05   0.129522200000E+04   0.192800352017E+01
       1357   0.203316700000E+05   0.768829400000E+04   0.193681010294E+01
       1358   0.203609000000E+05   0.683354200000E+04   0.193663781987E+01
       1359   0.203119400000E+05   0.605130500000E+04   0.193531675668E+01
       1360   0.205703100000E+05   0.520304300000E+04   0.193207343367E+01
       1361   0.202985700000E+05   0.200601700000E+04   0.192631247666E+01
       1362   0.203665800000E+05   0.261435300000E+04   0.192604517687E+01
       1363   0.207013200000E+05   0.442635400000E+04   0.192860387069E+01
       1364   0.206290700000E+05   0.379713400000E+04   0.192773838926E+01
       1365   0.205112600000E+05   0.319948900000E+04   0.192650652408E+01
       1366   0.208778800000E+05   0.172642000000E+04   0.192844710798E+01
       1370   0.211678000000E+05   0.109729700000E+04   0.193102746798E+01
       1400   0.208565600000E+05   0.720784400000E+04   0.193770784847E+01
       1401   0.208976800000E+05   0.639370800000E+04   0.193671866670E+01
       1402   0.209546100000E+05   0.564210200000E+04   0.193499003053E+01
       1403   0.211504600000E+05   0.484302100000E+04   0.193199052437E+01
       1404   0.210559000000E+05   0.231499400000E+04   0.192824775490E+01
       1405   0.211517500000E+05   0.292315900000E+04   0.192834981810E+01
       1406   0.213219800000E+05   0.411252200000E+04   0.193009902887E+01
       1407   0.212554000000E+05   0.351874600000E+04   0.192949465144E+01
       1408   0.214859200000E+05   0.162949500000E+04   0.193089130249E+01
       1440   0.213857500000E+05   0.675747600000E+04   0.193763850167E+01
       1441   0.214563900000E+05   0.599607400000E+04   0.193681723266E+01
       1442   0.215373100000E+05   0.527565400000E+04   0.193553591309E+01
       1443   0.217528000000E+05   0.453195500000E+04   0.193399326050E+01
       1445   0.218493700000E+05   0.266219900000E+04   0.193157077542E+01
       1439   0.217268100000E+05   0.209477900000E+04   0.193112649571E+01
       1444   0.217985200000E+05   0.324002500000E+04   0.193177525936E+01
       1446   0.220002200000E+05   0.380299800000E+04   0.193335859251E+01
       1477   0.219286700000E+05   0.635114200000E+04   0.193770128637E+01
       1478   0.220255500000E+05   0.564613800000E+04   0.193787305445E+01
       1479   0.221321400000E+05   0.497734000000E+04   0.193774596857E+01
       1480   0.223650100000E+05   0.429853500000E+04   0.193763625363E+01
       1481   0.224164100000E+05   0.315754000000E+04   0.193563657409E+01
       1482   0.225837800000E+05   0.257104700000E+04   0.193578675653E+01
       1483   0.227084900000E+05   0.365180900000E+04   0.193820107447E+01
       1513   0.224937900000E+05   0.600772800000E+04   0.193961178405E+01
       1514   0.226160700000E+05   0.536811900000E+04   0.194073936971E+01
       1515   0.227424600000E+05   0.475719700000E+04   0.194133257707E+01
       1516   0.229965000000E+05   0.415160800000E+04   0.194231407237E+01
       1518   0.231257700000E+05   0.301138100000E+04   0.194005087685E+01
       1517   0.231848000000E+05   0.243445300000E+04   0.193945175245E+01
       1519   0.233503000000E+05   0.356113400000E+04   0.194329902753E+01
       1545   0.230856200000E+05   0.575306600000E+04   0.194408129388E+01
       1546   0.232262900000E+05   0.518370500000E+04   0.194490228959E+01
       1547   0.233656500000E+05   0.463126700000E+04   0.194566900921E+01
       1548   0.236271100000E+05   0.408487100000E+04   0.194716952937E+01
       1549   0.237602100000E+05   0.249696400000E+04   0.194271920419E+01
       1550   0.238246600000E+05   0.302835500000E+04   0.194477227782E+01
       1551   0.239863900000E+05   0.355947600000E+04   0.194805766378E+01
       1575   0.236978800000E+05   0.561687100000E+04   0.194883489629E+01
       1576   0.238521800000E+05   0.511555900000E+04   0.194949917463E+01
       1577   0.239815200000E+05   0.461062800000E+04   0.195011741475E+01
       1578   0.242458200000E+05   0.410181500000E+04   0.195094286839E+01
       1604   0.243083200000E+05   0.561757000000E+04   0.195175091359E+01
        138   0.506105300000E+05  -0.100647400000E+05   0.200249719778E+01
